Vstupni intervaly:
Celkem: 11279927871
Celkem: 2615887841
506888605 = 506888605 (10)
506898605 = 506898605 (10)
506909605 = 506909605 (10)
506919605 = 506919605 (10)
506929605 = 506929605 (10)
506939605 = 506939605 (10)
506949605 = 506949605 (10)
506959605 = 506959605 (10)
506969605 = 506969605 (10)
506979605 = 506979605 (10)
506989605 = 506989605 (10)
506999605 = 506999605 (10)
507000705 = 507000705 (10)
507010705 = 507010705 (10)
507020705 = 507020705 (10)
507030705 = 507030705 (10)
507040705 = 507040705 (10)
507050705 = 507050705 (10)
507060705 = 507060705 (10)
507070705 = 507070705 (10)
507080705 = 507080705 (10)
507090705 = 507090705 (10)
507101705 = 507101705 (10)
507111705 = 507111705 (10)
507121705 = 507121705 (10)
507131705 = 507131705 (10)
507141705 = 507141705 (10)
507151705 = 507151705 (10)
507161705 = 507161705 (10)
507171705 = 507171705 (10)
507181705 = 507181705 (10)
507191705 = 507191705 (10)
507202705 = 507202705 (10)
507212705 = 507212705 (10)
507222705 = 507222705 (10)
507232705 = 507232705 (10)
507242705 = 507242705 (10)
507252705 = 507252705 (10)
507262705 = 507262705 (10)
507272705 = 507272705 (10)
507282705 = 507282705 (10)
507292705 = 507292705 (10)
507303705 = 507303705 (10)
507313705 = 507313705 (10)
507323705 = 507323705 (10)
507333705 = 507333705 (10)
507343705 = 507343705 (10)
507353705 = 507353705 (10)
507363705 = 507363705 (10)
507373705 = 507373705 (10)
507383705 = 507383705 (10)
507393705 = 507393705 (10)
507404705 = 507404705 (10)
507414705 = 507414705 (10)
507424705 = 507424705 (10)
507434705 = 507434705 (10)
507444705 = 507444705 (10)
507454705 = 507454705 (10)
507464705 = 507464705 (10)
507474705 = 507474705 (10)
507484705 = 507484705 (10)
507494705 = 507494705 (10)
507505705 = 507505705 (10)
507515705 = 507515705 (10)
507525705 = 507525705 (10)
507535705 = 507535705 (10)
507545705 = 507545705 (10)
507555705 = 507555705 (10)
507565705 = 507565705 (10)
507575705 = 507575705 (10)
507585705 = 507585705 (10)
507595705 = 507595705 (10)
507606705 = 507606705 (10)
507616705 = 507616705 (10)
507626705 = 507626705 (10)
507636705 = 507636705 (10)
507646705 = 507646705 (10)
507656705 = 507656705 (10)
507666705 = 507666705 (10)
507676705 = 507676705 (10)
507686705 = 507686705 (10)
507696705 = 507696705 (10)
507707705 = 507707705 (10)
507717705 = 507717705 (10)
507727705 = 507727705 (10)
507737705 = 507737705 (10)
507747705 = 507747705 (10)
507757705 = 507757705 (10)
507767705 = 507767705 (10)
507777705 = 507777705 (10)
507787705 = 507787705 (10)
507797705 = 507797705 (10)
507808705 = 507808705 (10)
507818705 = 507818705 (10)
507828705 = 507828705 (10)
507838705 = 507838705 (10)
507848705 = 507848705 (10)
507858705 = 507858705 (10)
507868705 = 507868705 (10)
507878705 = 507878705 (10)
507888705 = 507888705 (10)
507898705 = 507898705 (10)
507909705 = 507909705 (10)
507919705 = 507919705 (10)
507929705 = 507929705 (10)
507939705 = 507939705 (10)
507949705 = 507949705 (10)
507959705 = 507959705 (10)
507969705 = 507969705 (10)
507979705 = 507979705 (10)
507989705 = 507989705 (10)
507999705 = 507999705 (10)
508000805 = 508000805 (10)
508010805 = 508010805 (10)
508020805 = 508020805 (10)
508030805 = 508030805 (10)
508040805 = 508040805 (10)
508050805 = 508050805 (10)
508060805 = 508060805 (10)
508070805 = 508070805 (10)
508080805 = 508080805 (10)
508090805 = 508090805 (10)
508101805 = 508101805 (10)
508111805 = 508111805 (10)
508121805 = 508121805 (10)
508131805 = 508131805 (10)
508141805 = 508141805 (10)
508151805 = 508151805 (10)
508161805 = 508161805 (10)
508171805 = 508171805 (10)
508181805 = 508181805 (10)
508191805 = 508191805 (10)
508202805 = 508202805 (10)
508212805 = 508212805 (10)
508222805 = 508222805 (10)
508232805 = 508232805 (10)
508242805 = 508242805 (10)
508252805 = 508252805 (10)
508262805 = 508262805 (10)
508272805 = 508272805 (10)
508282805 = 508282805 (10)
508292805 = 508292805 (10)
508303805 = 508303805 (10)
508313805 = 508313805 (10)
508323805 = 508323805 (10)
508333805 = 508333805 (10)
508343805 = 508343805 (10)
508353805 = 508353805 (10)
508363805 = 508363805 (10)
508373805 = 508373805 (10)
508383805 = 508383805 (10)
508393805 = 508393805 (10)
508404805 = 508404805 (10)
508414805 = 508414805 (10)
508424805 = 508424805 (10)
508434805 = 508434805 (10)
508444805 = 508444805 (10)
508454805 = 508454805 (10)
508464805 = 508464805 (10)
508474805 = 508474805 (10)
508484805 = 508484805 (10)
508494805 = 508494805 (10)
508505805 = 508505805 (10)
508515805 = 508515805 (10)
508525805 = 508525805 (10)
508535805 = 508535805 (10)
508545805 = 508545805 (10)
508555805 = 508555805 (10)
508565805 = 508565805 (10)
508575805 = 508575805 (10)
508585805 = 508585805 (10)
508595805 = 508595805 (10)
508606805 = 508606805 (10)
508616805 = 508616805 (10)
508626805 = 508626805 (10)
508636805 = 508636805 (10)
508646805 = 508646805 (10)
508656805 = 508656805 (10)
508666805 = 508666805 (10)
508676805 = 508676805 (10)
508686805 = 508686805 (10)
508696805 = 508696805 (10)
508707805 = 508707805 (10)
508717805 = 508717805 (10)
508727805 = 508727805 (10)
508737805 = 508737805 (10)
508747805 = 508747805 (10)
508757805 = 508757805 (10)
508767805 = 508767805 (10)
508777805 = 508777805 (10)
508787805 = 508787805 (10)
508797805 = 508797805 (10)
508808805 = 508808805 (10)
508818805 = 508818805 (10)
508828805 = 508828805 (10)
508838805 = 508838805 (10)
508848805 = 508848805 (10)
508858805 = 508858805 (10)
508868805 = 508868805 (10)
508878805 = 508878805 (10)
508888805 = 508888805 (10)
508898805 = 508898805 (10)
508909805 = 508909805 (10)
508919805 = 508919805 (10)
508929805 = 508929805 (10)
508939805 = 508939805 (10)
508949805 = 508949805 (10)
508959805 = 508959805 (10)
508969805 = 508969805 (10)
508979805 = 508979805 (10)
508989805 = 508989805 (10)
508999805 = 508999805 (10)
509000905 = 509000905 (10)
509010905 = 509010905 (10)
509020905 = 509020905 (10)
509030905 = 509030905 (10)
509040905 = 509040905 (10)
509050905 = 509050905 (10)
509060905 = 509060905 (10)
509070905 = 509070905 (10)
509080905 = 509080905 (10)
509090905 = 509090905 (10)
509101905 = 509101905 (10)
509111905 = 509111905 (10)
509121905 = 509121905 (10)
509131905 = 509131905 (10)
509141905 = 509141905 (10)
509151905 = 509151905 (10)
509161905 = 509161905 (10)
509171905 = 509171905 (10)
509181905 = 509181905 (10)
509191905 = 509191905 (10)
509202905 = 509202905 (10)
509212905 = 509212905 (10)
509222905 = 509222905 (10)
509232905 = 509232905 (10)
509242905 = 509242905 (10)
509252905 = 509252905 (10)
509262905 = 509262905 (10)
509272905 = 509272905 (10)
509282905 = 509282905 (10)
509292905 = 509292905 (10)
509303905 = 509303905 (10)
509313905 = 509313905 (10)
509323905 = 509323905 (10)
509333905 = 509333905 (10)
509343905 = 509343905 (10)
509353905 = 509353905 (10)
509363905 = 509363905 (10)
509373905 = 509373905 (10)
509383905 = 509383905 (10)
509393905 = 509393905 (10)
509404905 = 509404905 (10)
509414905 = 509414905 (10)
509424905 = 509424905 (10)
509434905 = 509434905 (10)
509444905 = 509444905 (10)
509454905 = 509454905 (10)
509464905 = 509464905 (10)
509474905 = 509474905 (10)
509484905 = 509484905 (10)
509494905 = 509494905 (10)
509505905 = 509505905 (10)
509515905 = 509515905 (10)
509525905 = 509525905 (10)
509535905 = 509535905 (10)
509545905 = 509545905 (10)
509555905 = 509555905 (10)
509565905 = 509565905 (10)
509575905 = 509575905 (10)
509585905 = 509585905 (10)
509595905 = 509595905 (10)
509606905 = 509606905 (10)
509616905 = 509616905 (10)
509626905 = 509626905 (10)
509636905 = 509636905 (10)
509646905 = 509646905 (10)
509656905 = 509656905 (10)
509666905 = 509666905 (10)
509676905 = 509676905 (10)
509686905 = 509686905 (10)
509696905 = 509696905 (10)
509707905 = 509707905 (10)
509717905 = 509717905 (10)
509727905 = 509727905 (10)
509737905 = 509737905 (10)
509747905 = 509747905 (10)
509757905 = 509757905 (10)
509767905 = 509767905 (10)
509777905 = 509777905 (10)
509787905 = 509787905 (10)
509797905 = 509797905 (10)
509808905 = 509808905 (10)
509818905 = 509818905 (10)
509828905 = 509828905 (10)
509838905 = 509838905 (10)
509848905 = 509848905 (10)
509858905 = 509858905 (10)
509868905 = 509868905 (10)
509878905 = 509878905 (10)
509888905 = 509888905 (10)
509898905 = 509898905 (10)
509909905 = 509909905 (10)
509919905 = 509919905 (10)
509929905 = 509929905 (10)
509939905 = 509939905 (10)
509949905 = 509949905 (10)
509959905 = 509959905 (10)
509969905 = 509969905 (10)
509979905 = 509979905 (10)
509989905 = 509989905 (10)
509999905 = 509999905 (10)
510000015 = 510000015 (10)
510010015 = 510010015 (10)
510020015 = 510020015 (10)
510030015 = 510030015 (10)
510040015 = 510040015 (10)
510050015 = 510050015 (10)
510060015 = 510060015 (10)
510070015 = 510070015 (10)
510080015 = 510080015 (10)
510090015 = 510090015 (10)
510101015 = 510101015 (10)
510111015 = 510111015 (10)
510121015 = 510121015 (10)
510131015 = 510131015 (10)
510141015 = 510141015 (10)
510151015 = 510151015 (10)
510161015 = 510161015 (10)
510171015 = 510171015 (10)
510181015 = 510181015 (10)
510191015 = 510191015 (10)
510202015 = 510202015 (10)
510212015 = 510212015 (10)
510222015 = 510222015 (10)
510232015 = 510232015 (10)
510242015 = 510242015 (10)
510252015 = 510252015 (10)
510262015 = 510262015 (10)
510272015 = 510272015 (10)
510282015 = 510282015 (10)
510292015 = 510292015 (10)
510303015 = 510303015 (10)
510313015 = 510313015 (10)
510323015 = 510323015 (10)
510333015 = 510333015 (10)
510343015 = 510343015 (10)
510353015 = 510353015 (10)
510363015 = 510363015 (10)
510373015 = 510373015 (10)
510383015 = 510383015 (10)
510393015 = 510393015 (10)
510404015 = 510404015 (10)
510414015 = 510414015 (10)
510424015 = 510424015 (10)
510434015 = 510434015 (10)
510444015 = 510444015 (10)
510454015 = 510454015 (10)
510464015 = 510464015 (10)
510474015 = 510474015 (10)
510484015 = 510484015 (10)
510494015 = 510494015 (10)
510505015 = 510505015 (10)
510515015 = 510515015 (10)
510525015 = 510525015 (10)
510535015 = 510535015 (10)
510545015 = 510545015 (10)
510555015 = 510555015 (10)
510565015 = 510565015 (10)
510575015 = 510575015 (10)
510585015 = 510585015 (10)
510595015 = 510595015 (10)
510606015 = 510606015 (10)
510616015 = 510616015 (10)
510626015 = 510626015 (10)
510636015 = 510636015 (10)
510646015 = 510646015 (10)
510656015 = 510656015 (10)
510666015 = 510666015 (10)
510676015 = 510676015 (10)
510686015 = 510686015 (10)
510696015 = 510696015 (10)
510707015 = 510707015 (10)
510717015 = 510717015 (10)
510727015 = 510727015 (10)
510737015 = 510737015 (10)
510747015 = 510747015 (10)
510757015 = 510757015 (10)
510767015 = 510767015 (10)
510777015 = 510777015 (10)
510787015 = 510787015 (10)
510797015 = 510797015 (10)
510808015 = 510808015 (10)
510818015 = 510818015 (10)
510828015 = 510828015 (10)
510838015 = 510838015 (10)
510848015 = 510848015 (10)
510858015 = 510858015 (10)
510868015 = 510868015 (10)
510878015 = 510878015 (10)
510888015 = 510888015 (10)
510898015 = 510898015 (10)
510909015 = 510909015 (10)
510919015 = 510919015 (10)
510929015 = 510929015 (10)
510939015 = 510939015 (10)
510949015 = 510949015 (10)
510959015 = 510959015 (10)
510969015 = 510969015 (10)
510979015 = 510979015 (10)
510989015 = 510989015 (10)
510999015 = 510999015 (10)
511000115 = 511000115 (10)
511010115 = 511010115 (10)
511020115 = 511020115 (10)
511030115 = 511030115 (10)
511040115 = 511040115 (10)
511050115 = 511050115 (10)
511060115 = 511060115 (10)
511070115 = 511070115 (10)
511080115 = 511080115 (10)
511090115 = 511090115 (10)
511101115 = 511101115 (10)
511111115 = 511111115 (10)
511121115 = 511121115 (10)
511131115 = 511131115 (10)
511141115 = 511141115 (10)
511151115 = 511151115 (10)
511161115 = 511161115 (10)
511171115 = 511171115 (10)
511181115 = 511181115 (10)
511191115 = 511191115 (10)
511202115 = 511202115 (10)
511212115 = 511212115 (10)
511222115 = 511222115 (10)
511232115 = 511232115 (10)
511242115 = 511242115 (10)
511252115 = 511252115 (10)
511262115 = 511262115 (10)
511272115 = 511272115 (10)
511282115 = 511282115 (10)
511292115 = 511292115 (10)
511303115 = 511303115 (10)
511313115 = 511313115 (10)
511323115 = 511323115 (10)
511333115 = 511333115 (10)
511343115 = 511343115 (10)
511353115 = 511353115 (10)
511363115 = 511363115 (10)
511373115 = 511373115 (10)
511383115 = 511383115 (10)
511393115 = 511393115 (10)
511404115 = 511404115 (10)
511414115 = 511414115 (10)
511424115 = 511424115 (10)
511434115 = 511434115 (10)
511444115 = 511444115 (10)
511454115 = 511454115 (10)
511464115 = 511464115 (10)
511474115 = 511474115 (10)
511484115 = 511484115 (10)
511494115 = 511494115 (10)
511505115 = 511505115 (10)
511515115 = 511515115 (10)
511525115 = 511525115 (10)
511535115 = 511535115 (10)
511545115 = 511545115 (10)
511555115 = 511555115 (10)
511565115 = 511565115 (10)
511575115 = 511575115 (10)
511585115 = 511585115 (10)
511595115 = 511595115 (10)
511606115 = 511606115 (10)
511616115 = 511616115 (10)
511626115 = 511626115 (10)
511636115 = 511636115 (10)
511646115 = 511646115 (10)
511656115 = 511656115 (10)
511666115 = 511666115 (10)
511676115 = 511676115 (10)
511686115 = 511686115 (10)
511696115 = 511696115 (10)
511707115 = 511707115 (10)
511717115 = 511717115 (10)
511727115 = 511727115 (10)
511737115 = 511737115 (10)
511747115 = 511747115 (10)
511757115 = 511757115 (10)
511767115 = 511767115 (10)
511777115 = 511777115 (10)
511787115 = 511787115 (10)
511797115 = 511797115 (10)
511808115 = 511808115 (10)
511818115 = 511818115 (10)
511828115 = 511828115 (10)
511838115 = 511838115 (10)
511848115 = 511848115 (10)
511858115 = 511858115 (10)
511868115 = 511868115 (10)
511878115 = 511878115 (10)
511888115 = 511888115 (10)
511898115 = 511898115 (10)
511909115 = 511909115 (10)
511919115 = 511919115 (10)
511929115 = 511929115 (10)
511939115 = 511939115 (10)
511949115 = 511949115 (10)
511959115 = 511959115 (10)
511969115 = 511969115 (10)
511979115 = 511979115 (10)
511989115 = 511989115 (10)
511999115 = 511999115 (10)
512000215 = 512000215 (10)
512010215 = 512010215 (10)
512020215 = 512020215 (10)
512030215 = 512030215 (10)
512040215 = 512040215 (10)
512050215 = 512050215 (10)
512060215 = 512060215 (10)
512070215 = 512070215 (10)
512080215 = 512080215 (10)
512090215 = 512090215 (10)
512101215 = 512101215 (10)
512111215 = 512111215 (10)
512121215 = 512121215 (10)
512131215 = 512131215 (10)
512141215 = 512141215 (10)
512151215 = 512151215 (10)
512161215 = 512161215 (10)
512171215 = 512171215 (10)
512181215 = 512181215 (10)
512191215 = 512191215 (10)
512202215 = 512202215 (10)
512212215 = 512212215 (10)
512222215 = 512222215 (10)
512232215 = 512232215 (10)
512242215 = 512242215 (10)
512252215 = 512252215 (10)
512262215 = 512262215 (10)
512272215 = 512272215 (10)
512282215 = 512282215 (10)
512292215 = 512292215 (10)
512303215 = 512303215 (10)
512313215 = 512313215 (10)
512323215 = 512323215 (10)
512333215 = 512333215 (10)
512343215 = 512343215 (10)
512353215 = 512353215 (10)
512363215 = 512363215 (10)
512373215 = 512373215 (10)
512383215 = 512383215 (10)
512393215 = 512393215 (10)
512404215 = 512404215 (10)
512414215 = 512414215 (10)
512424215 = 512424215 (10)
512434215 = 512434215 (10)
512444215 = 512444215 (10)
512454215 = 512454215 (10)
512464215 = 512464215 (10)
512474215 = 512474215 (10)
512484215 = 512484215 (10)
512494215 = 512494215 (10)
512505215 = 512505215 (10)
512515215 = 512515215 (10)
512525215 = 512525215 (10)
512535215 = 512535215 (10)
512545215 = 512545215 (10)
512555215 = 512555215 (10)
512565215 = 512565215 (10)
512575215 = 512575215 (10)
512585215 = 512585215 (10)
512595215 = 512595215 (10)
512606215 = 512606215 (10)
512616215 = 512616215 (10)
512626215 = 512626215 (10)
512636215 = 512636215 (10)
512646215 = 512646215 (10)
512656215 = 512656215 (10)
512666215 = 512666215 (10)
512676215 = 512676215 (10)
512686215 = 512686215 (10)
512696215 = 512696215 (10)
512707215 = 512707215 (10)
512717215 = 512717215 (10)
512727215 = 512727215 (10)
512737215 = 512737215 (10)
512747215 = 512747215 (10)
512757215 = 512757215 (10)
512767215 = 512767215 (10)
512777215 = 512777215 (10)
512787215 = 512787215 (10)
512797215 = 512797215 (10)
512808215 = 512808215 (10)
512818215 = 512818215 (10)
512828215 = 512828215 (10)
512838215 = 512838215 (10)
512848215 = 512848215 (10)
512858215 = 512858215 (10)
512868215 = 512868215 (10)
512878215 = 512878215 (10)
512888215 = 512888215 (10)
512898215 = 512898215 (10)
512909215 = 512909215 (10)
512919215 = 512919215 (10)
512929215 = 512929215 (10)
512939215 = 512939215 (10)
512949215 = 512949215 (10)
512959215 = 512959215 (10)
512969215 = 512969215 (10)
512979215 = 512979215 (10)
512989215 = 512989215 (10)
512999215 = 512999215 (10)
513000315 = 513000315 (10)
513010315 = 513010315 (10)
513020315 = 513020315 (10)
513030315 = 513030315 (10)
513040315 = 513040315 (10)
513050315 = 513050315 (10)
513060315 = 513060315 (10)
513070315 = 513070315 (10)
513080315 = 513080315 (10)
513090315 = 513090315 (10)
513101315 = 513101315 (10)
513111315 = 513111315 (10)
513121315 = 513121315 (10)
513131315 = 513131315 (10)
513141315 = 513141315 (10)
513151315 = 513151315 (10)
513161315 = 513161315 (10)
513171315 = 513171315 (10)
513181315 = 513181315 (10)
513191315 = 513191315 (10)
513202315 = 513202315 (10)
513212315 = 513212315 (10)
513222315 = 513222315 (10)
513232315 = 513232315 (10)
513242315 = 513242315 (10)
513252315 = 513252315 (10)
513262315 = 513262315 (10)
513272315 = 513272315 (10)
513282315 = 513282315 (10)
513292315 = 513292315 (10)
513303315 = 513303315 (10)
513313315 = 513313315 (10)
513323315 = 513323315 (10)
513333315 = 513333315 (10)
513343315 = 513343315 (10)
513353315 = 513353315 (10)
513363315 = 513363315 (10)
513373315 = 513373315 (10)
513383315 = 513383315 (10)
513393315 = 513393315 (10)
513404315 = 513404315 (10)
513414315 = 513414315 (10)
513424315 = 513424315 (10)
513434315 = 513434315 (10)
513444315 = 513444315 (10)
513454315 = 513454315 (10)
513464315 = 513464315 (10)
513474315 = 513474315 (10)
513484315 = 513484315 (10)
513494315 = 513494315 (10)
513505315 = 513505315 (10)
513515315 = 513515315 (10)
513525315 = 513525315 (10)
513535315 = 513535315 (10)
513545315 = 513545315 (10)
513555315 = 513555315 (10)
513565315 = 513565315 (10)
513575315 = 513575315 (10)
513585315 = 513585315 (10)
513595315 = 513595315 (10)
513606315 = 513606315 (10)
513616315 = 513616315 (10)
513626315 = 513626315 (10)
513636315 = 513636315 (10)
513646315 = 513646315 (10)
513656315 = 513656315 (10)
513666315 = 513666315 (10)
513676315 = 513676315 (10)
513686315 = 513686315 (10)
513696315 = 513696315 (10)
513707315 = 513707315 (10)
513717315 = 513717315 (10)
513727315 = 513727315 (10)
513737315 = 513737315 (10)
513747315 = 513747315 (10)
513757315 = 513757315 (10)
513767315 = 513767315 (10)
513777315 = 513777315 (10)
513787315 = 513787315 (10)
513797315 = 513797315 (10)
513808315 = 513808315 (10)
513818315 = 513818315 (10)
513828315 = 513828315 (10)
513838315 = 513838315 (10)
513848315 = 513848315 (10)
513858315 = 513858315 (10)
513868315 = 513868315 (10)
513878315 = 513878315 (10)
513888315 = 513888315 (10)
513898315 = 513898315 (10)
513909315 = 513909315 (10)
513919315 = 513919315 (10)
513929315 = 513929315 (10)
513939315 = 513939315 (10)
513949315 = 513949315 (10)
513959315 = 513959315 (10)
513969315 = 513969315 (10)
513979315 = 513979315 (10)
513989315 = 513989315 (10)
513999315 = 513999315 (10)
514000415 = 514000415 (10)
514010415 = 514010415 (10)
514020415 = 514020415 (10)
514030415 = 514030415 (10)
514040415 = 514040415 (10)
514050415 = 514050415 (10)
514060415 = 514060415 (10)
514070415 = 514070415 (10)
514080415 = 514080415 (10)
514090415 = 514090415 (10)
514101415 = 514101415 (10)
514111415 = 514111415 (10)
514121415 = 514121415 (10)
514131415 = 514131415 (10)
514141415 = 514141415 (10)
514151415 = 514151415 (10)
514161415 = 514161415 (10)
514171415 = 514171415 (10)
514181415 = 514181415 (10)
514191415 = 514191415 (10)
514202415 = 514202415 (10)
514212415 = 514212415 (10)
514222415 = 514222415 (10)
514232415 = 514232415 (10)
514242415 = 514242415 (10)
514252415 = 514252415 (10)
514262415 = 514262415 (10)
514272415 = 514272415 (10)
514282415 = 514282415 (10)
514292415 = 514292415 (10)
514303415 = 514303415 (10)
514313415 = 514313415 (10)
514323415 = 514323415 (10)
514333415 = 514333415 (10)
514343415 = 514343415 (10)
514353415 = 514353415 (10)
514363415 = 514363415 (10)
514373415 = 514373415 (10)
514383415 = 514383415 (10)
514393415 = 514393415 (10)
514404415 = 514404415 (10)
514414415 = 514414415 (10)
514424415 = 514424415 (10)
514434415 = 514434415 (10)
514444415 = 514444415 (10)
514454415 = 514454415 (10)
514464415 = 514464415 (10)
514474415 = 514474415 (10)
514484415 = 514484415 (10)
514494415 = 514494415 (10)
514505415 = 514505415 (10)
514515415 = 514515415 (10)
514525415 = 514525415 (10)
514535415 = 514535415 (10)
514545415 = 514545415 (10)
514555415 = 514555415 (10)
514565415 = 514565415 (10)
514575415 = 514575415 (10)
514585415 = 514585415 (10)
514595415 = 514595415 (10)
514606415 = 514606415 (10)
514616415 = 514616415 (10)
514626415 = 514626415 (10)
514636415 = 514636415 (10)
514646415 = 514646415 (10)
514656415 = 514656415 (10)
514666415 = 514666415 (10)
514676415 = 514676415 (10)
514686415 = 514686415 (10)
514696415 = 514696415 (10)
514707415 = 514707415 (10)
514717415 = 514717415 (10)
514727415 = 514727415 (10)
514737415 = 514737415 (10)
514747415 = 514747415 (10)
514757415 = 514757415 (10)
514767415 = 514767415 (10)
514777415 = 514777415 (10)
514787415 = 514787415 (10)
514797415 = 514797415 (10)
514808415 = 514808415 (10)
514818415 = 514818415 (10)
514828415 = 514828415 (10)
514838415 = 514838415 (10)
514848415 = 514848415 (10)
514858415 = 514858415 (10)
514868415 = 514868415 (10)
514878415 = 514878415 (10)
514888415 = 514888415 (10)
514898415 = 514898415 (10)
514909415 = 514909415 (10)
514919415 = 514919415 (10)
514929415 = 514929415 (10)
514939415 = 514939415 (10)
514949415 = 514949415 (10)
514959415 = 514959415 (10)
514969415 = 514969415 (10)
514979415 = 514979415 (10)
514989415 = 514989415 (10)
514999415 = 514999415 (10)
515000515 = 515000515 (10)
515010515 = 515010515 (10)
515020515 = 515020515 (10)
515030515 = 515030515 (10)
515040515 = 515040515 (10)
515050515 = 515050515 (10)
515060515 = 515060515 (10)
515070515 = 515070515 (10)
515080515 = 515080515 (10)
515090515 = 515090515 (10)
515101515 = 515101515 (10)
515111515 = 515111515 (10)
515121515 = 515121515 (10)
515131515 = 515131515 (10)
515141515 = 515141515 (10)
515151515 = 515151515 (10)
515161515 = 515161515 (10)
515171515 = 515171515 (10)
515181515 = 515181515 (10)
515191515 = 515191515 (10)
515202515 = 515202515 (10)
515212515 = 515212515 (10)
515222515 = 515222515 (10)
515232515 = 515232515 (10)
515242515 = 515242515 (10)
515252515 = 515252515 (10)
515262515 = 515262515 (10)
515272515 = 515272515 (10)
515282515 = 515282515 (10)
515292515 = 515292515 (10)
515303515 = 515303515 (10)
515313515 = 515313515 (10)
515323515 = 515323515 (10)
515333515 = 515333515 (10)
515343515 = 515343515 (10)
515353515 = 515353515 (10)
515363515 = 515363515 (10)
515373515 = 515373515 (10)
515383515 = 515383515 (10)
515393515 = 515393515 (10)
515404515 = 515404515 (10)
515414515 = 515414515 (10)
515424515 = 515424515 (10)
515434515 = 515434515 (10)
515444515 = 515444515 (10)
515454515 = 515454515 (10)
515464515 = 515464515 (10)
515474515 = 515474515 (10)
515484515 = 515484515 (10)
515494515 = 515494515 (10)
515505515 = 515505515 (10)
515515515 = 515515515 (10)
515525515 = 515525515 (10)
515535515 = 515535515 (10)
515545515 = 515545515 (10)
515555515 = 515555515 (10)
515565515 = 515565515 (10)
515575515 = 515575515 (10)
515585515 = 515585515 (10)
515595515 = 515595515 (10)
515606515 = 515606515 (10)
515616515 = 515616515 (10)
515626515 = 515626515 (10)
515636515 = 515636515 (10)
515646515 = 515646515 (10)
515656515 = 515656515 (10)
515666515 = 515666515 (10)
515676515 = 515676515 (10)
515686515 = 515686515 (10)
515696515 = 515696515 (10)
515707515 = 515707515 (10)
515717515 = 515717515 (10)
515727515 = 515727515 (10)
515737515 = 515737515 (10)
515747515 = 515747515 (10)
515757515 = 515757515 (10)
515767515 = 515767515 (10)
515777515 = 515777515 (10)
515787515 = 515787515 (10)
515797515 = 515797515 (10)
515808515 = 515808515 (10)
515818515 = 515818515 (10)
515828515 = 515828515 (10)
515838515 = 515838515 (10)
515848515 = 515848515 (10)
515858515 = 515858515 (10)
515868515 = 515868515 (10)
515878515 = 515878515 (10)
515888515 = 515888515 (10)
515898515 = 515898515 (10)
515909515 = 515909515 (10)
515919515 = 515919515 (10)
515929515 = 515929515 (10)
515939515 = 515939515 (10)
515949515 = 515949515 (10)
515959515 = 515959515 (10)
515969515 = 515969515 (10)
515979515 = 515979515 (10)
515989515 = 515989515 (10)
515999515 = 515999515 (10)
516000615 = 516000615 (10)
516010615 = 516010615 (10)
516020615 = 516020615 (10)
516030615 = 516030615 (10)
516040615 = 516040615 (10)
516050615 = 516050615 (10)
516060615 = 516060615 (10)
516070615 = 516070615 (10)
516080615 = 516080615 (10)
516090615 = 516090615 (10)
516101615 = 516101615 (10)
516111615 = 516111615 (10)
516121615 = 516121615 (10)
516131615 = 516131615 (10)
516141615 = 516141615 (10)
516151615 = 516151615 (10)
516161615 = 516161615 (10)
516171615 = 516171615 (10)
516181615 = 516181615 (10)
516191615 = 516191615 (10)
516202615 = 516202615 (10)
516212615 = 516212615 (10)
516222615 = 516222615 (10)
516232615 = 516232615 (10)
516242615 = 516242615 (10)
516252615 = 516252615 (10)
516262615 = 516262615 (10)
516272615 = 516272615 (10)
516282615 = 516282615 (10)
516292615 = 516292615 (10)
516303615 = 516303615 (10)
516313615 = 516313615 (10)
516323615 = 516323615 (10)
516333615 = 516333615 (10)
516343615 = 516343615 (10)
516353615 = 516353615 (10)
516363615 = 516363615 (10)
516373615 = 516373615 (10)
516383615 = 516383615 (10)
516393615 = 516393615 (10)
516404615 = 516404615 (10)
516414615 = 516414615 (10)
516424615 = 516424615 (10)
516434615 = 516434615 (10)
516444615 = 516444615 (10)
516454615 = 516454615 (10)
516464615 = 516464615 (10)
516474615 = 516474615 (10)
516484615 = 516484615 (10)
516494615 = 516494615 (10)
516505615 = 516505615 (10)
516515615 = 516515615 (10)
516525615 = 516525615 (10)
516535615 = 516535615 (10)
516545615 = 516545615 (10)
516555615 = 516555615 (10)
516565615 = 516565615 (10)
516575615 = 516575615 (10)
516585615 = 516585615 (10)
516595615 = 516595615 (10)
516606615 = 516606615 (10)
516616615 = 516616615 (10)
516626615 = 516626615 (10)
516636615 = 516636615 (10)
516646615 = 516646615 (10)
516656615 = 516656615 (10)
516666615 = 516666615 (10)
516676615 = 516676615 (10)
516686615 = 516686615 (10)
516696615 = 516696615 (10)
516707615 = 516707615 (10)
516717615 = 516717615 (10)
516727615 = 516727615 (10)
516737615 = 516737615 (10)
516747615 = 516747615 (10)
516757615 = 516757615 (10)
516767615 = 516767615 (10)
516777615 = 516777615 (10)
516787615 = 516787615 (10)
516797615 = 516797615 (10)
516808615 = 516808615 (10)
516818615 = 516818615 (10)
516828615 = 516828615 (10)
516838615 = 516838615 (10)
516848615 = 516848615 (10)
516858615 = 516858615 (10)
516868615 = 516868615 (10)
516878615 = 516878615 (10)
516888615 = 516888615 (10)
516898615 = 516898615 (10)
516909615 = 516909615 (10)
516919615 = 516919615 (10)
516929615 = 516929615 (10)
516939615 = 516939615 (10)
516949615 = 516949615 (10)
516959615 = 516959615 (10)
516969615 = 516969615 (10)
516979615 = 516979615 (10)
516989615 = 516989615 (10)
516999615 = 516999615 (10)
517000715 = 517000715 (10)
517010715 = 517010715 (10)
517020715 = 517020715 (10)
517030715 = 517030715 (10)
517040715 = 517040715 (10)
517050715 = 517050715 (10)
517060715 = 517060715 (10)
517070715 = 517070715 (10)
517080715 = 517080715 (10)
517090715 = 517090715 (10)
517101715 = 517101715 (10)
517111715 = 517111715 (10)
517121715 = 517121715 (10)
517131715 = 517131715 (10)
517141715 = 517141715 (10)
517151715 = 517151715 (10)
517161715 = 517161715 (10)
517171715 = 517171715 (10)
517181715 = 517181715 (10)
517191715 = 517191715 (10)
517202715 = 517202715 (10)
517212715 = 517212715 (10)
517222715 = 517222715 (10)
517232715 = 517232715 (10)
517242715 = 517242715 (10)
517252715 = 517252715 (10)
517262715 = 517262715 (10)
517272715 = 517272715 (10)
517282715 = 517282715 (10)
517292715 = 517292715 (10)
517303715 = 517303715 (10)
517313715 = 517313715 (10)
517323715 = 517323715 (10)
517333715 = 517333715 (10)
517343715 = 517343715 (10)
517353715 = 517353715 (10)
517363715 = 517363715 (10)
517373715 = 517373715 (10)
517383715 = 517383715 (10)
517393715 = 517393715 (10)
517404715 = 517404715 (10)
517414715 = 517414715 (10)
517424715 = 517424715 (10)
517434715 = 517434715 (10)
517444715 = 517444715 (10)
517454715 = 517454715 (10)
517464715 = 517464715 (10)
517474715 = 517474715 (10)
517484715 = 517484715 (10)
517494715 = 517494715 (10)
517505715 = 517505715 (10)
517515715 = 517515715 (10)
517525715 = 517525715 (10)
517535715 = 517535715 (10)
517545715 = 517545715 (10)
517555715 = 517555715 (10)
517565715 = 517565715 (10)
517575715 = 517575715 (10)
517585715 = 517585715 (10)
517595715 = 517595715 (10)
517606715 = 517606715 (10)
517616715 = 517616715 (10)
517626715 = 517626715 (10)
517636715 = 517636715 (10)
517646715 = 517646715 (10)
517656715 = 517656715 (10)
517666715 = 517666715 (10)
517676715 = 517676715 (10)
517686715 = 517686715 (10)
517696715 = 517696715 (10)
517707715 = 517707715 (10)
517717715 = 517717715 (10)
517727715 = 517727715 (10)
517737715 = 517737715 (10)
517747715 = 517747715 (10)
517757715 = 517757715 (10)
517767715 = 517767715 (10)
517777715 = 517777715 (10)
517787715 = 517787715 (10)
517797715 = 517797715 (10)
517808715 = 517808715 (10)
517818715 = 517818715 (10)
517828715 = 517828715 (10)
517838715 = 517838715 (10)
517848715 = 517848715 (10)
517858715 = 517858715 (10)
517868715 = 517868715 (10)
517878715 = 517878715 (10)
517888715 = 517888715 (10)
517898715 = 517898715 (10)
517909715 = 517909715 (10)
517919715 = 517919715 (10)
517929715 = 517929715 (10)
517939715 = 517939715 (10)
517949715 = 517949715 (10)
517959715 = 517959715 (10)
517969715 = 517969715 (10)
517979715 = 517979715 (10)
517989715 = 517989715 (10)
517999715 = 517999715 (10)
518000815 = 518000815 (10)
518010815 = 518010815 (10)
518020815 = 518020815 (10)
518030815 = 518030815 (10)
518040815 = 518040815 (10)
518050815 = 518050815 (10)
518060815 = 518060815 (10)
518070815 = 518070815 (10)
518080815 = 518080815 (10)
518090815 = 518090815 (10)
518101815 = 518101815 (10)
518111815 = 518111815 (10)
518121815 = 518121815 (10)
518131815 = 518131815 (10)
518141815 = 518141815 (10)
518151815 = 518151815 (10)
518161815 = 518161815 (10)
518171815 = 518171815 (10)
518181815 = 518181815 (10)
518191815 = 518191815 (10)
518202815 = 518202815 (10)
518212815 = 518212815 (10)
518222815 = 518222815 (10)
518232815 = 518232815 (10)
518242815 = 518242815 (10)
518252815 = 518252815 (10)
518262815 = 518262815 (10)
518272815 = 518272815 (10)
518282815 = 518282815 (10)
518292815 = 518292815 (10)
518303815 = 518303815 (10)
518313815 = 518313815 (10)
518323815 = 518323815 (10)
518333815 = 518333815 (10)
518343815 = 518343815 (10)
518353815 = 518353815 (10)
518363815 = 518363815 (10)
518373815 = 518373815 (10)
518383815 = 518383815 (10)
518393815 = 518393815 (10)
518404815 = 518404815 (10)
518414815 = 518414815 (10)
518424815 = 518424815 (10)
518434815 = 518434815 (10)
518444815 = 518444815 (10)
518454815 = 518454815 (10)
518464815 = 518464815 (10)
518474815 = 518474815 (10)
518484815 = 518484815 (10)
518494815 = 518494815 (10)
518505815 = 518505815 (10)
518515815 = 518515815 (10)
518525815 = 518525815 (10)
518535815 = 518535815 (10)
518545815 = 518545815 (10)
518555815 = 518555815 (10)
518565815 = 518565815 (10)
518575815 = 518575815 (10)
518585815 = 518585815 (10)
518595815 = 518595815 (10)
518606815 = 518606815 (10)
518616815 = 518616815 (10)
518626815 = 518626815 (10)
518636815 = 518636815 (10)
518646815 = 518646815 (10)
518656815 = 518656815 (10)
518666815 = 518666815 (10)
518676815 = 518676815 (10)
518686815 = 518686815 (10)
518696815 = 518696815 (10)
518707815 = 518707815 (10)
518717815 = 518717815 (10)
518727815 = 518727815 (10)
518737815 = 518737815 (10)
518747815 = 518747815 (10)
518757815 = 518757815 (10)
518767815 = 518767815 (10)
518777815 = 518777815 (10)
518787815 = 518787815 (10)
518797815 = 518797815 (10)
518808815 = 518808815 (10)
518818815 = 518818815 (10)
518828815 = 518828815 (10)
518838815 = 518838815 (10)
518848815 = 518848815 (10)
518858815 = 518858815 (10)
518868815 = 518868815 (10)
518878815 = 518878815 (10)
518888815 = 518888815 (10)
518898815 = 518898815 (10)
518909815 = 518909815 (10)
518919815 = 518919815 (10)
518929815 = 518929815 (10)
518939815 = 518939815 (10)
518949815 = 518949815 (10)
518959815 = 518959815 (10)
518969815 = 518969815 (10)
518979815 = 518979815 (10)
518989815 = 518989815 (10)
518999815 = 518999815 (10)
519000915 = 519000915 (10)
519010915 = 519010915 (10)
519020915 = 519020915 (10)
519030915 = 519030915 (10)
519040915 = 519040915 (10)
519050915 = 519050915 (10)
519060915 = 519060915 (10)
519070915 = 519070915 (10)
519080915 = 519080915 (10)
519090915 = 519090915 (10)
519101915 = 519101915 (10)
519111915 = 519111915 (10)
519121915 = 519121915 (10)
519131915 = 519131915 (10)
519141915 = 519141915 (10)
519151915 = 519151915 (10)
519161915 = 519161915 (10)
519171915 = 519171915 (10)
519181915 = 519181915 (10)
519191915 = 519191915 (10)
519202915 = 519202915 (10)
519212915 = 519212915 (10)
519222915 = 519222915 (10)
519232915 = 519232915 (10)
519242915 = 519242915 (10)
519252915 = 519252915 (10)
519262915 = 519262915 (10)
519272915 = 519272915 (10)
519282915 = 519282915 (10)
519292915 = 519292915 (10)
519303915 = 519303915 (10)
519313915 = 519313915 (10)
519323915 = 519323915 (10)
519333915 = 519333915 (10)
519343915 = 519343915 (10)
519353915 = 519353915 (10)
519363915 = 519363915 (10)
519373915 = 519373915 (10)
519383915 = 519383915 (10)
519393915 = 519393915 (10)
519404915 = 519404915 (10)
519414915 = 519414915 (10)
519424915 = 519424915 (10)
519434915 = 519434915 (10)
519444915 = 519444915 (10)
519454915 = 519454915 (10)
519464915 = 519464915 (10)
519474915 = 519474915 (10)
519484915 = 519484915 (10)
519494915 = 519494915 (10)
519505915 = 519505915 (10)
519515915 = 519515915 (10)
519525915 = 519525915 (10)
519535915 = 519535915 (10)
519545915 = 519545915 (10)
519555915 = 519555915 (10)
519565915 = 519565915 (10)
519575915 = 519575915 (10)
519585915 = 519585915 (10)
519595915 = 519595915 (10)
519606915 = 519606915 (10)
519616915 = 519616915 (10)
519626915 = 519626915 (10)
519636915 = 519636915 (10)
519646915 = 519646915 (10)
519656915 = 519656915 (10)
519666915 = 519666915 (10)
519676915 = 519676915 (10)
519686915 = 519686915 (10)
519696915 = 519696915 (10)
519707915 = 519707915 (10)
519717915 = 519717915 (10)
519727915 = 519727915 (10)
519737915 = 519737915 (10)
519747915 = 519747915 (10)
519757915 = 519757915 (10)
519767915 = 519767915 (10)
519777915 = 519777915 (10)
519787915 = 519787915 (10)
519797915 = 519797915 (10)
519808915 = 519808915 (10)
519818915 = 519818915 (10)
519828915 = 519828915 (10)
519838915 = 519838915 (10)
519848915 = 519848915 (10)
519858915 = 519858915 (10)
519868915 = 519868915 (10)
519878915 = 519878915 (10)
519888915 = 519888915 (10)
519898915 = 519898915 (10)
519909915 = 519909915 (10)
519919915 = 519919915 (10)
519929915 = 519929915 (10)
519939915 = 519939915 (10)
519949915 = 519949915 (10)
519959915 = 519959915 (10)
519969915 = 519969915 (10)
519979915 = 519979915 (10)
519989915 = 519989915 (10)
519999915 = 519999915 (10)
520000025 = 520000025 (10)
520010025 = 520010025 (10)
520020025 = 520020025 (10)
520030025 = 520030025 (10)
520040025 = 520040025 (10)
520050025 = 520050025 (10)
520060025 = 520060025 (10)
520070025 = 520070025 (10)
520080025 = 520080025 (10)
520090025 = 520090025 (10)
520101025 = 520101025 (10)
520111025 = 520111025 (10)
520121025 = 520121025 (10)
520131025 = 520131025 (10)
520141025 = 520141025 (10)
520151025 = 520151025 (10)
520161025 = 520161025 (10)
520171025 = 520171025 (10)
520181025 = 520181025 (10)
520191025 = 520191025 (10)
520202025 = 520202025 (10)
520212025 = 520212025 (10)
520222025 = 520222025 (10)
520232025 = 520232025 (10)
520242025 = 520242025 (10)
520252025 = 520252025 (10)
520262025 = 520262025 (10)
520272025 = 520272025 (10)
520282025 = 520282025 (10)
520292025 = 520292025 (10)
520303025 = 520303025 (10)
520313025 = 520313025 (10)
520323025 = 520323025 (10)
520333025 = 520333025 (10)
520343025 = 520343025 (10)
520353025 = 520353025 (10)
520363025 = 520363025 (10)
520373025 = 520373025 (10)
520383025 = 520383025 (10)
520393025 = 520393025 (10)
520404025 = 520404025 (10)
520414025 = 520414025 (10)
520424025 = 520424025 (10)
520434025 = 520434025 (10)
520444025 = 520444025 (10)
520454025 = 520454025 (10)
520464025 = 520464025 (10)
520474025 = 520474025 (10)
520484025 = 520484025 (10)
520494025 = 520494025 (10)
520505025 = 520505025 (10)
520515025 = 520515025 (10)
520525025 = 520525025 (10)
520535025 = 520535025 (10)
520545025 = 520545025 (10)
520555025 = 520555025 (10)
520565025 = 520565025 (10)
520575025 = 520575025 (10)
520585025 = 520585025 (10)
520595025 = 520595025 (10)
520606025 = 520606025 (10)
520616025 = 520616025 (10)
520626025 = 520626025 (10)
520636025 = 520636025 (10)
520646025 = 520646025 (10)
520656025 = 520656025 (10)
520666025 = 520666025 (10)
520676025 = 520676025 (10)
520686025 = 520686025 (10)
520696025 = 520696025 (10)
520707025 = 520707025 (10)
520717025 = 520717025 (10)
520727025 = 520727025 (10)
520737025 = 520737025 (10)
520747025 = 520747025 (10)
520757025 = 520757025 (10)
520767025 = 520767025 (10)
520777025 = 520777025 (10)
520787025 = 520787025 (10)
520797025 = 520797025 (10)
520808025 = 520808025 (10)
520818025 = 520818025 (10)
520828025 = 520828025 (10)
520838025 = 520838025 (10)
520848025 = 520848025 (10)
520858025 = 520858025 (10)
520868025 = 520868025 (10)
520878025 = 520878025 (10)
520888025 = 520888025 (10)
520898025 = 520898025 (10)
520909025 = 520909025 (10)
520919025 = 520919025 (10)
520929025 = 520929025 (10)
520939025 = 520939025 (10)
520949025 = 520949025 (10)
520959025 = 520959025 (10)
520969025 = 520969025 (10)
520979025 = 520979025 (10)
520989025 = 520989025 (10)
520999025 = 520999025 (10)
521000125 = 521000125 (10)
521010125 = 521010125 (10)
521020125 = 521020125 (10)
521030125 = 521030125 (10)
521040125 = 521040125 (10)
521050125 = 521050125 (10)
521060125 = 521060125 (10)
521070125 = 521070125 (10)
521080125 = 521080125 (10)
521090125 = 521090125 (10)
521101125 = 521101125 (10)
521111125 = 521111125 (10)
521121125 = 521121125 (10)
521131125 = 521131125 (10)
521141125 = 521141125 (10)
521151125 = 521151125 (10)
521161125 = 521161125 (10)
521171125 = 521171125 (10)
521181125 = 521181125 (10)
521191125 = 521191125 (10)
521202125 = 521202125 (10)
521212125 = 521212125 (10)
521222125 = 521222125 (10)
521232125 = 521232125 (10)
521242125 = 521242125 (10)
521252125 = 521252125 (10)
521262125 = 521262125 (10)
521272125 = 521272125 (10)
521282125 = 521282125 (10)
521292125 = 521292125 (10)
521303125 = 521303125 (10)
521313125 = 521313125 (10)
521323125 = 521323125 (10)
521333125 = 521333125 (10)
521343125 = 521343125 (10)
521353125 = 521353125 (10)
521363125 = 521363125 (10)
521373125 = 521373125 (10)
521383125 = 521383125 (10)
521393125 = 521393125 (10)
521404125 = 521404125 (10)
521414125 = 521414125 (10)
521424125 = 521424125 (10)
521434125 = 521434125 (10)
521444125 = 521444125 (10)
521454125 = 521454125 (10)
521464125 = 521464125 (10)
521474125 = 521474125 (10)
521484125 = 521484125 (10)
521494125 = 521494125 (10)
521505125 = 521505125 (10)
521515125 = 521515125 (10)
521525125 = 521525125 (10)
521535125 = 521535125 (10)
521545125 = 521545125 (10)
521555125 = 521555125 (10)
521565125 = 521565125 (10)
521575125 = 521575125 (10)
521585125 = 521585125 (10)
521595125 = 521595125 (10)
521606125 = 521606125 (10)
521616125 = 521616125 (10)
521626125 = 521626125 (10)
521636125 = 521636125 (10)
521646125 = 521646125 (10)
521656125 = 521656125 (10)
521666125 = 521666125 (10)
521676125 = 521676125 (10)
521686125 = 521686125 (10)
521696125 = 521696125 (10)
521707125 = 521707125 (10)
521717125 = 521717125 (10)
521727125 = 521727125 (10)
521737125 = 521737125 (10)
521747125 = 521747125 (10)
521757125 = 521757125 (10)
521767125 = 521767125 (10)
521777125 = 521777125 (10)
521787125 = 521787125 (10)
521797125 = 521797125 (10)
521808125 = 521808125 (10)
521818125 = 521818125 (10)
521828125 = 521828125 (10)
521838125 = 521838125 (10)
521848125 = 521848125 (10)
521858125 = 521858125 (10)
521868125 = 521868125 (10)
521878125 = 521878125 (10)
521888125 = 521888125 (10)
521898125 = 521898125 (10)
521909125 = 521909125 (10)
521919125 = 521919125 (10)
521929125 = 521929125 (10)
521939125 = 521939125 (10)
521949125 = 521949125 (10)
521959125 = 521959125 (10)
521969125 = 521969125 (10)
521979125 = 521979125 (10)
521989125 = 521989125 (10)
521999125 = 521999125 (10)
522000225 = 522000225 (10)
522010225 = 522010225 (10)
522020225 = 522020225 (10)
522030225 = 522030225 (10)
522040225 = 522040225 (10)
522050225 = 522050225 (10)
522060225 = 522060225 (10)
522070225 = 522070225 (10)
522080225 = 522080225 (10)
522090225 = 522090225 (10)
522101225 = 522101225 (10)
522111225 = 522111225 (10)
522121225 = 522121225 (10)
522131225 = 522131225 (10)
522141225 = 522141225 (10)
522151225 = 522151225 (10)
522161225 = 522161225 (10)
522171225 = 522171225 (10)
522181225 = 522181225 (10)
522191225 = 522191225 (10)
522202225 = 522202225 (10)
522212225 = 522212225 (10)
522222225 = 522222225 (10)
522232225 = 522232225 (10)
522242225 = 522242225 (10)
522252225 = 522252225 (10)
522262225 = 522262225 (10)
522272225 = 522272225 (10)
522282225 = 522282225 (10)
522292225 = 522292225 (10)
522303225 = 522303225 (10)
522313225 = 522313225 (10)
522323225 = 522323225 (10)
522333225 = 522333225 (10)
522343225 = 522343225 (10)
522353225 = 522353225 (10)
522363225 = 522363225 (10)
522373225 = 522373225 (10)
522383225 = 522383225 (10)
522393225 = 522393225 (10)
522404225 = 522404225 (10)
522414225 = 522414225 (10)
522424225 = 522424225 (10)
522434225 = 522434225 (10)
522444225 = 522444225 (10)
522454225 = 522454225 (10)
522464225 = 522464225 (10)
522474225 = 522474225 (10)
522484225 = 522484225 (10)
522494225 = 522494225 (10)
522505225 = 522505225 (10)
522515225 = 522515225 (10)
522525225 = 522525225 (10)
522535225 = 522535225 (10)
522545225 = 522545225 (10)
522555225 = 522555225 (10)
522565225 = 522565225 (10)
522575225 = 522575225 (10)
522585225 = 522585225 (10)
522595225 = 522595225 (10)
522606225 = 522606225 (10)
522616225 = 522616225 (10)
522626225 = 522626225 (10)
522636225 = 522636225 (10)
522646225 = 522646225 (10)
522656225 = 522656225 (10)
522666225 = 522666225 (10)
522676225 = 522676225 (10)
522686225 = 522686225 (10)
522696225 = 522696225 (10)
522707225 = 522707225 (10)
522717225 = 522717225 (10)
522727225 = 522727225 (10)
522737225 = 522737225 (10)
522747225 = 522747225 (10)
522757225 = 522757225 (10)
522767225 = 522767225 (10)
522777225 = 522777225 (10)
522787225 = 522787225 (10)
522797225 = 522797225 (10)
522808225 = 522808225 (10)
522818225 = 522818225 (10)
522828225 = 522828225 (10)
522838225 = 522838225 (10)
522848225 = 522848225 (10)
522858225 = 522858225 (10)
522868225 = 522868225 (10)
522878225 = 522878225 (10)
522888225 = 522888225 (10)
522898225 = 522898225 (10)
522909225 = 522909225 (10)
522919225 = 522919225 (10)
522929225 = 522929225 (10)
522939225 = 522939225 (10)
522949225 = 522949225 (10)
522959225 = 522959225 (10)
522969225 = 522969225 (10)
522979225 = 522979225 (10)
522989225 = 522989225 (10)
522999225 = 522999225 (10)
523000325 = 523000325 (10)
523010325 = 523010325 (10)
523020325 = 523020325 (10)
523030325 = 523030325 (10)
523040325 = 523040325 (10)
523050325 = 523050325 (10)
523060325 = 523060325 (10)
523070325 = 523070325 (10)
523080325 = 523080325 (10)
523090325 = 523090325 (10)
523101325 = 523101325 (10)
523111325 = 523111325 (10)
523121325 = 523121325 (10)
523131325 = 523131325 (10)
523141325 = 523141325 (10)
523151325 = 523151325 (10)
523161325 = 523161325 (10)
523171325 = 523171325 (10)
523181325 = 523181325 (10)
523191325 = 523191325 (10)
523202325 = 523202325 (10)
523212325 = 523212325 (10)
523222325 = 523222325 (10)
523232325 = 523232325 (10)
523242325 = 523242325 (10)
523252325 = 523252325 (10)
523262325 = 523262325 (10)
523272325 = 523272325 (10)
523282325 = 523282325 (10)
523292325 = 523292325 (10)
523303325 = 523303325 (10)
523313325 = 523313325 (10)
523323325 = 523323325 (10)
523333325 = 523333325 (10)
523343325 = 523343325 (10)
523353325 = 523353325 (10)
523363325 = 523363325 (10)
523373325 = 523373325 (10)
523383325 = 523383325 (10)
523393325 = 523393325 (10)
523404325 = 523404325 (10)
523414325 = 523414325 (10)
523424325 = 523424325 (10)
523434325 = 523434325 (10)
523444325 = 523444325 (10)
523454325 = 523454325 (10)
523464325 = 523464325 (10)
523474325 = 523474325 (10)
523484325 = 523484325 (10)
523494325 = 523494325 (10)
523505325 = 523505325 (10)
523515325 = 523515325 (10)
523525325 = 523525325 (10)
523535325 = 523535325 (10)
523545325 = 523545325 (10)
523555325 = 523555325 (10)
523565325 = 523565325 (10)
523575325 = 523575325 (10)
523585325 = 523585325 (10)
523595325 = 523595325 (10)
523606325 = 523606325 (10)
523616325 = 523616325 (10)
523626325 = 523626325 (10)
523636325 = 523636325 (10)
523646325 = 523646325 (10)
523656325 = 523656325 (10)
523666325 = 523666325 (10)
523676325 = 523676325 (10)
523686325 = 523686325 (10)
523696325 = 523696325 (10)
523707325 = 523707325 (10)
523717325 = 523717325 (10)
523727325 = 523727325 (10)
523737325 = 523737325 (10)
523747325 = 523747325 (10)
523757325 = 523757325 (10)
523767325 = 523767325 (10)
523777325 = 523777325 (10)
523787325 = 523787325 (10)
523797325 = 523797325 (10)
523808325 = 523808325 (10)
523818325 = 523818325 (10)
523828325 = 523828325 (10)
523838325 = 523838325 (10)
523848325 = 523848325 (10)
523858325 = 523858325 (10)
523868325 = 523868325 (10)
523878325 = 523878325 (10)
523888325 = 523888325 (10)
523898325 = 523898325 (10)
523909325 = 523909325 (10)
523919325 = 523919325 (10)
523929325 = 523929325 (10)
523939325 = 523939325 (10)
523949325 = 523949325 (10)
523959325 = 523959325 (10)
523969325 = 523969325 (10)
523979325 = 523979325 (10)
523989325 = 523989325 (10)
523999325 = 523999325 (10)
524000425 = 524000425 (10)
524010425 = 524010425 (10)
524020425 = 524020425 (10)
524030425 = 524030425 (10)
524040425 = 524040425 (10)
524050425 = 524050425 (10)
524060425 = 524060425 (10)
524070425 = 524070425 (10)
524080425 = 524080425 (10)
524090425 = 524090425 (10)
524101425 = 524101425 (10)
524111425 = 524111425 (10)
524121425 = 524121425 (10)
524131425 = 524131425 (10)
524141425 = 524141425 (10)
524151425 = 524151425 (10)
524161425 = 524161425 (10)
524171425 = 524171425 (10)
524181425 = 524181425 (10)
524191425 = 524191425 (10)
524202425 = 524202425 (10)
524212425 = 524212425 (10)
524222425 = 524222425 (10)
524232425 = 524232425 (10)
524242425 = 524242425 (10)
524252425 = 524252425 (10)
524262425 = 524262425 (10)
524272425 = 524272425 (10)
524282425 = 524282425 (10)
524292425 = 524292425 (10)
524303425 = 524303425 (10)
524313425 = 524313425 (10)
524323425 = 524323425 (10)
524333425 = 524333425 (10)
524343425 = 524343425 (10)
524353425 = 524353425 (10)
524363425 = 524363425 (10)
524373425 = 524373425 (10)
524383425 = 524383425 (10)
524393425 = 524393425 (10)
524404425 = 524404425 (10)
524414425 = 524414425 (10)
524424425 = 524424425 (10)
524434425 = 524434425 (10)
524444425 = 524444425 (10)
524454425 = 524454425 (10)
524464425 = 524464425 (10)
524474425 = 524474425 (10)
524484425 = 524484425 (10)
524494425 = 524494425 (10)
524505425 = 524505425 (10)
524515425 = 524515425 (10)
524525425 = 524525425 (10)
524535425 = 524535425 (10)
524545425 = 524545425 (10)
524555425 = 524555425 (10)
524565425 = 524565425 (10)
524575425 = 524575425 (10)
524585425 = 524585425 (10)
524595425 = 524595425 (10)
524606425 = 524606425 (10)
524616425 = 524616425 (10)
524626425 = 524626425 (10)
524636425 = 524636425 (10)
524646425 = 524646425 (10)
524656425 = 524656425 (10)
524666425 = 524666425 (10)
524676425 = 524676425 (10)
524686425 = 524686425 (10)
524696425 = 524696425 (10)
524707425 = 524707425 (10)
524717425 = 524717425 (10)
524727425 = 524727425 (10)
524737425 = 524737425 (10)
524747425 = 524747425 (10)
524757425 = 524757425 (10)
524767425 = 524767425 (10)
524777425 = 524777425 (10)
524787425 = 524787425 (10)
524797425 = 524797425 (10)
524808425 = 524808425 (10)
524818425 = 524818425 (10)
524828425 = 524828425 (10)
524838425 = 524838425 (10)
524848425 = 524848425 (10)
524858425 = 524858425 (10)
524868425 = 524868425 (10)
524878425 = 524878425 (10)
524888425 = 524888425 (10)
524898425 = 524898425 (10)
524909425 = 524909425 (10)
524919425 = 524919425 (10)
524929425 = 524929425 (10)
524939425 = 524939425 (10)
524949425 = 524949425 (10)
524959425 = 524959425 (10)
524969425 = 524969425 (10)
524979425 = 524979425 (10)
524989425 = 524989425 (10)
524999425 = 524999425 (10)
525000525 = 525000525 (10)
525010525 = 525010525 (10)
525020525 = 525020525 (10)
525030525 = 525030525 (10)
525040525 = 525040525 (10)
525050525 = 525050525 (10)
525060525 = 525060525 (10)
525070525 = 525070525 (10)
525080525 = 525080525 (10)
525090525 = 525090525 (10)
525101525 = 525101525 (10)
525111525 = 525111525 (10)
525121525 = 525121525 (10)
525131525 = 525131525 (10)
525141525 = 525141525 (10)
525151525 = 525151525 (10)
525161525 = 525161525 (10)
525171525 = 525171525 (10)
525181525 = 525181525 (10)
525191525 = 525191525 (10)
525202525 = 525202525 (10)
525212525 = 525212525 (10)
525222525 = 525222525 (10)
525232525 = 525232525 (10)
525242525 = 525242525 (10)
525252525 = 525252525 (10)
525262525 = 525262525 (10)
525272525 = 525272525 (10)
525282525 = 525282525 (10)
525292525 = 525292525 (10)
525303525 = 525303525 (10)
525313525 = 525313525 (10)
525323525 = 525323525 (10)
525333525 = 525333525 (10)
525343525 = 525343525 (10)
525353525 = 525353525 (10)
525363525 = 525363525 (10)
525373525 = 525373525 (10)
525383525 = 525383525 (10)
525393525 = 525393525 (10)
525404525 = 525404525 (10)
525414525 = 525414525 (10)
525424525 = 525424525 (10)
525434525 = 525434525 (10)
525444525 = 525444525 (10)
525454525 = 525454525 (10)
525464525 = 525464525 (10)
525474525 = 525474525 (10)
525484525 = 525484525 (10)
525494525 = 525494525 (10)
525505525 = 525505525 (10)
525515525 = 525515525 (10)
525525525 = 525525525 (10)
525535525 = 525535525 (10)
525545525 = 525545525 (10)
525555525 = 525555525 (10)
525565525 = 525565525 (10)
525575525 = 525575525 (10)
525585525 = 525585525 (10)
525595525 = 525595525 (10)
525606525 = 525606525 (10)
525616525 = 525616525 (10)
525626525 = 525626525 (10)
525636525 = 525636525 (10)
525646525 = 525646525 (10)
525656525 = 525656525 (10)
525666525 = 525666525 (10)
525676525 = 525676525 (10)
525686525 = 525686525 (10)
525696525 = 525696525 (10)
525707525 = 525707525 (10)
525717525 = 525717525 (10)
525727525 = 525727525 (10)
525737525 = 525737525 (10)
525747525 = 525747525 (10)
525757525 = 525757525 (10)
525767525 = 525767525 (10)
525777525 = 525777525 (10)
525787525 = 525787525 (10)
525797525 = 525797525 (10)
525808525 = 525808525 (10)
525818525 = 525818525 (10)
525828525 = 525828525 (10)
525838525 = 525838525 (10)
525848525 = 525848525 (10)
525858525 = 525858525 (10)
525868525 = 525868525 (10)
525878525 = 525878525 (10)
525888525 = 525888525 (10)
525898525 = 525898525 (10)
525909525 = 525909525 (10)
525919525 = 525919525 (10)
525929525 = 525929525 (10)
525939525 = 525939525 (10)
525949525 = 525949525 (10)
525959525 = 525959525 (10)
525969525 = 525969525 (10)
525979525 = 525979525 (10)
525989525 = 525989525 (10)
525999525 = 525999525 (10)
526000625 = 526000625 (10)
526010625 = 526010625 (10)
526020625 = 526020625 (10)
526030625 = 526030625 (10)
526040625 = 526040625 (10)
526050625 = 526050625 (10)
526060625 = 526060625 (10)
526070625 = 526070625 (10)
526080625 = 526080625 (10)
526090625 = 526090625 (10)
526101625 = 526101625 (10)
526111625 = 526111625 (10)
526121625 = 526121625 (10)
526131625 = 526131625 (10)
526141625 = 526141625 (10)
526151625 = 526151625 (10)
526161625 = 526161625 (10)
526171625 = 526171625 (10)
526181625 = 526181625 (10)
526191625 = 526191625 (10)
526202625 = 526202625 (10)
526212625 = 526212625 (10)
526222625 = 526222625 (10)
526232625 = 526232625 (10)
526242625 = 526242625 (10)
526252625 = 526252625 (10)
526262625 = 526262625 (10)
526272625 = 526272625 (10)
526282625 = 526282625 (10)
526292625 = 526292625 (10)
526303625 = 526303625 (10)
526313625 = 526313625 (10)
526323625 = 526323625 (10)
526333625 = 526333625 (10)
526343625 = 526343625 (10)
526353625 = 526353625 (10)
526363625 = 526363625 (10)
526373625 = 526373625 (10)
526383625 = 526383625 (10)
526393625 = 526393625 (10)
526404625 = 526404625 (10)
526414625 = 526414625 (10)
526424625 = 526424625 (10)
526434625 = 526434625 (10)
526444625 = 526444625 (10)
526454625 = 526454625 (10)
526464625 = 526464625 (10)
526474625 = 526474625 (10)
526484625 = 526484625 (10)
526494625 = 526494625 (10)
526505625 = 526505625 (10)
526515625 = 526515625 (10)
526525625 = 526525625 (10)
526535625 = 526535625 (10)
526545625 = 526545625 (10)
526555625 = 526555625 (10)
526565625 = 526565625 (10)
526575625 = 526575625 (10)
526585625 = 526585625 (10)
526595625 = 526595625 (10)
526606625 = 526606625 (10)
526616625 = 526616625 (10)
526626625 = 526626625 (10)
526636625 = 526636625 (10)
526646625 = 526646625 (10)
526656625 = 526656625 (10)
526666625 = 526666625 (10)
526676625 = 526676625 (10)
526686625 = 526686625 (10)
526696625 = 526696625 (10)
526707625 = 526707625 (10)
526717625 = 526717625 (10)
526727625 = 526727625 (10)
526737625 = 526737625 (10)
526747625 = 526747625 (10)
526757625 = 526757625 (10)
526767625 = 526767625 (10)
526777625 = 526777625 (10)
526787625 = 526787625 (10)
526797625 = 526797625 (10)
526808625 = 526808625 (10)
526818625 = 526818625 (10)
526828625 = 526828625 (10)
526838625 = 526838625 (10)
526848625 = 526848625 (10)
526858625 = 526858625 (10)
526868625 = 526868625 (10)
526878625 = 526878625 (10)
526888625 = 526888625 (10)
526898625 = 526898625 (10)
526909625 = 526909625 (10)
526919625 = 526919625 (10)
526929625 = 526929625 (10)
526939625 = 526939625 (10)
526949625 = 526949625 (10)
526959625 = 526959625 (10)
526969625 = 526969625 (10)
526979625 = 526979625 (10)
526989625 = 526989625 (10)
526999625 = 526999625 (10)
527000725 = 527000725 (10)
527010725 = 527010725 (10)
527020725 = 527020725 (10)
527030725 = 527030725 (10)
527040725 = 527040725 (10)
527050725 = 527050725 (10)
527060725 = 527060725 (10)
527070725 = 527070725 (10)
527080725 = 527080725 (10)
527090725 = 527090725 (10)
527101725 = 527101725 (10)
527111725 = 527111725 (10)
527121725 = 527121725 (10)
527131725 = 527131725 (10)
527141725 = 527141725 (10)
527151725 = 527151725 (10)
527161725 = 527161725 (10)
527171725 = 527171725 (10)
527181725 = 527181725 (10)
527191725 = 527191725 (10)
527202725 = 527202725 (10)
527212725 = 527212725 (10)
527222725 = 527222725 (10)
527232725 = 527232725 (10)
527242725 = 527242725 (10)
527252725 = 527252725 (10)
527262725 = 527262725 (10)
527272725 = 527272725 (10)
527282725 = 527282725 (10)
527292725 = 527292725 (10)
527303725 = 527303725 (10)
527313725 = 527313725 (10)
527323725 = 527323725 (10)
527333725 = 527333725 (10)
527343725 = 527343725 (10)
527353725 = 527353725 (10)
527363725 = 527363725 (10)
527373725 = 527373725 (10)
527383725 = 527383725 (10)
527393725 = 527393725 (10)
527404725 = 527404725 (10)
527414725 = 527414725 (10)
527424725 = 527424725 (10)
527434725 = 527434725 (10)
527444725 = 527444725 (10)
527454725 = 527454725 (10)
527464725 = 527464725 (10)
527474725 = 527474725 (10)
527484725 = 527484725 (10)
527494725 = 527494725 (10)
527505725 = 527505725 (10)
527515725 = 527515725 (10)
527525725 = 527525725 (10)
527535725 = 527535725 (10)
527545725 = 527545725 (10)
527555725 = 527555725 (10)
527565725 = 527565725 (10)
527575725 = 527575725 (10)
527585725 = 527585725 (10)
527595725 = 527595725 (10)
527606725 = 527606725 (10)
527616725 = 527616725 (10)
527626725 = 527626725 (10)
527636725 = 527636725 (10)
527646725 = 527646725 (10)
527656725 = 527656725 (10)
527666725 = 527666725 (10)
527676725 = 527676725 (10)
527686725 = 527686725 (10)
527696725 = 527696725 (10)
527707725 = 527707725 (10)
527717725 = 527717725 (10)
527727725 = 527727725 (10)
527737725 = 527737725 (10)
527747725 = 527747725 (10)
527757725 = 527757725 (10)
527767725 = 527767725 (10)
527777725 = 527777725 (10)
527787725 = 527787725 (10)
527797725 = 527797725 (10)
527808725 = 527808725 (10)
527818725 = 527818725 (10)
527828725 = 527828725 (10)
527838725 = 527838725 (10)
527848725 = 527848725 (10)
527858725 = 527858725 (10)
527868725 = 527868725 (10)
527878725 = 527878725 (10)
527888725 = 527888725 (10)
527898725 = 527898725 (10)
527909725 = 527909725 (10)
527919725 = 527919725 (10)
527929725 = 527929725 (10)
527939725 = 527939725 (10)
527949725 = 527949725 (10)
527959725 = 527959725 (10)
527969725 = 527969725 (10)
527979725 = 527979725 (10)
527989725 = 527989725 (10)
527999725 = 527999725 (10)
528000825 = 528000825 (10)
528010825 = 528010825 (10)
528020825 = 528020825 (10)
528030825 = 528030825 (10)
528040825 = 528040825 (10)
528050825 = 528050825 (10)
528060825 = 528060825 (10)
528070825 = 528070825 (10)
528080825 = 528080825 (10)
528090825 = 528090825 (10)
528101825 = 528101825 (10)
528111825 = 528111825 (10)
528121825 = 528121825 (10)
528131825 = 528131825 (10)
528141825 = 528141825 (10)
528151825 = 528151825 (10)
528161825 = 528161825 (10)
528171825 = 528171825 (10)
528181825 = 528181825 (10)
528191825 = 528191825 (10)
528202825 = 528202825 (10)
528212825 = 528212825 (10)
528222825 = 528222825 (10)
528232825 = 528232825 (10)
528242825 = 528242825 (10)
528252825 = 528252825 (10)
528262825 = 528262825 (10)
528272825 = 528272825 (10)
528282825 = 528282825 (10)
528292825 = 528292825 (10)
528303825 = 528303825 (10)
528313825 = 528313825 (10)
528323825 = 528323825 (10)
528333825 = 528333825 (10)
528343825 = 528343825 (10)
528353825 = 528353825 (10)
528363825 = 528363825 (10)
528373825 = 528373825 (10)
528383825 = 528383825 (10)
528393825 = 528393825 (10)
528404825 = 528404825 (10)
528414825 = 528414825 (10)
528424825 = 528424825 (10)
528434825 = 528434825 (10)
528444825 = 528444825 (10)
528454825 = 528454825 (10)
528464825 = 528464825 (10)
528474825 = 528474825 (10)
528484825 = 528484825 (10)
528494825 = 528494825 (10)
528505825 = 528505825 (10)
528515825 = 528515825 (10)
528525825 = 528525825 (10)
528535825 = 528535825 (10)
528545825 = 528545825 (10)
528555825 = 528555825 (10)
528565825 = 528565825 (10)
528575825 = 528575825 (10)
528585825 = 528585825 (10)
528595825 = 528595825 (10)
528606825 = 528606825 (10)
528616825 = 528616825 (10)
528626825 = 528626825 (10)
528636825 = 528636825 (10)
528646825 = 528646825 (10)
528656825 = 528656825 (10)
528666825 = 528666825 (10)
528676825 = 528676825 (10)
528686825 = 528686825 (10)
528696825 = 528696825 (10)
528707825 = 528707825 (10)
528717825 = 528717825 (10)
528727825 = 528727825 (10)
528737825 = 528737825 (10)
528747825 = 528747825 (10)
528757825 = 528757825 (10)
528767825 = 528767825 (10)
528777825 = 528777825 (10)
528787825 = 528787825 (10)
528797825 = 528797825 (10)
528808825 = 528808825 (10)
528818825 = 528818825 (10)
528828825 = 528828825 (10)
528838825 = 528838825 (10)
528848825 = 528848825 (10)
528858825 = 528858825 (10)
528868825 = 528868825 (10)
528878825 = 528878825 (10)
528888825 = 528888825 (10)
528898825 = 528898825 (10)
528909825 = 528909825 (10)
528919825 = 528919825 (10)
528929825 = 528929825 (10)
528939825 = 528939825 (10)
528949825 = 528949825 (10)
528959825 = 528959825 (10)
528969825 = 528969825 (10)
528979825 = 528979825 (10)
528989825 = 528989825 (10)
528999825 = 528999825 (10)
529000925 = 529000925 (10)
529010925 = 529010925 (10)
529020925 = 529020925 (10)
529030925 = 529030925 (10)
529040925 = 529040925 (10)
529050925 = 529050925 (10)
529060925 = 529060925 (10)
529070925 = 529070925 (10)
529080925 = 529080925 (10)
529090925 = 529090925 (10)
529101925 = 529101925 (10)
529111925 = 529111925 (10)
529121925 = 529121925 (10)
529131925 = 529131925 (10)
529141925 = 529141925 (10)
529151925 = 529151925 (10)
529161925 = 529161925 (10)
529171925 = 529171925 (10)
529181925 = 529181925 (10)
529191925 = 529191925 (10)
529202925 = 529202925 (10)
529212925 = 529212925 (10)
529222925 = 529222925 (10)
529232925 = 529232925 (10)
529242925 = 529242925 (10)
529252925 = 529252925 (10)
529262925 = 529262925 (10)
529272925 = 529272925 (10)
529282925 = 529282925 (10)
529292925 = 529292925 (10)
529303925 = 529303925 (10)
529313925 = 529313925 (10)
529323925 = 529323925 (10)
529333925 = 529333925 (10)
529343925 = 529343925 (10)
529353925 = 529353925 (10)
529363925 = 529363925 (10)
529373925 = 529373925 (10)
529383925 = 529383925 (10)
529393925 = 529393925 (10)
529404925 = 529404925 (10)
529414925 = 529414925 (10)
529424925 = 529424925 (10)
529434925 = 529434925 (10)
529444925 = 529444925 (10)
529454925 = 529454925 (10)
529464925 = 529464925 (10)
529474925 = 529474925 (10)
529484925 = 529484925 (10)
529494925 = 529494925 (10)
529505925 = 529505925 (10)
529515925 = 529515925 (10)
529525925 = 529525925 (10)
529535925 = 529535925 (10)
529545925 = 529545925 (10)
529555925 = 529555925 (10)
529565925 = 529565925 (10)
529575925 = 529575925 (10)
529585925 = 529585925 (10)
529595925 = 529595925 (10)
529606925 = 529606925 (10)
529616925 = 529616925 (10)
529626925 = 529626925 (10)
529636925 = 529636925 (10)
529646925 = 529646925 (10)
529656925 = 529656925 (10)
529666925 = 529666925 (10)
529676925 = 529676925 (10)
529686925 = 529686925 (10)
529696925 = 529696925 (10)
529707925 = 529707925 (10)
529717925 = 529717925 (10)
529727925 = 529727925 (10)
529737925 = 529737925 (10)
529747925 = 529747925 (10)
529757925 = 529757925 (10)
529767925 = 529767925 (10)
529777925 = 529777925 (10)
529787925 = 529787925 (10)
529797925 = 529797925 (10)
529808925 = 529808925 (10)
529818925 = 529818925 (10)
529828925 = 529828925 (10)
529838925 = 529838925 (10)
529848925 = 529848925 (10)
529858925 = 529858925 (10)
529868925 = 529868925 (10)
529878925 = 529878925 (10)
529888925 = 529888925 (10)
529898925 = 529898925 (10)
529909925 = 529909925 (10)
529919925 = 529919925 (10)
529929925 = 529929925 (10)
529939925 = 529939925 (10)
529949925 = 529949925 (10)
529959925 = 529959925 (10)
529969925 = 529969925 (10)
529979925 = 529979925 (10)
529989925 = 529989925 (10)
529999925 = 529999925 (10)
530000035 = 530000035 (10)
530010035 = 530010035 (10)
530020035 = 530020035 (10)
530030035 = 530030035 (10)
530040035 = 530040035 (10)
530050035 = 530050035 (10)
530060035 = 530060035 (10)
530070035 = 530070035 (10)
530080035 = 530080035 (10)
530090035 = 530090035 (10)
530101035 = 530101035 (10)
530111035 = 530111035 (10)
530121035 = 530121035 (10)
530131035 = 530131035 (10)
530141035 = 530141035 (10)
530151035 = 530151035 (10)
530161035 = 530161035 (10)
530171035 = 530171035 (10)
530181035 = 530181035 (10)
530191035 = 530191035 (10)
530202035 = 530202035 (10)
530212035 = 530212035 (10)
530222035 = 530222035 (10)
530232035 = 530232035 (10)
530242035 = 530242035 (10)
530252035 = 530252035 (10)
530262035 = 530262035 (10)
530272035 = 530272035 (10)
530282035 = 530282035 (10)
530292035 = 530292035 (10)
530303035 = 530303035 (10)
530313035 = 530313035 (10)
530323035 = 530323035 (10)
530333035 = 530333035 (10)
530343035 = 530343035 (10)
530353035 = 530353035 (10)
530363035 = 530363035 (10)
530373035 = 530373035 (10)
530383035 = 530383035 (10)
530393035 = 530393035 (10)
530404035 = 530404035 (10)
530414035 = 530414035 (10)
530424035 = 530424035 (10)
530434035 = 530434035 (10)
530444035 = 530444035 (10)
530454035 = 530454035 (10)
530464035 = 530464035 (10)
530474035 = 530474035 (10)
530484035 = 530484035 (10)
530494035 = 530494035 (10)
530505035 = 530505035 (10)
530515035 = 530515035 (10)
530525035 = 530525035 (10)
530535035 = 530535035 (10)
530545035 = 530545035 (10)
530555035 = 530555035 (10)
530565035 = 530565035 (10)
530575035 = 530575035 (10)
530585035 = 530585035 (10)
530595035 = 530595035 (10)
530606035 = 530606035 (10)
530616035 = 530616035 (10)
530626035 = 530626035 (10)
530636035 = 530636035 (10)
530646035 = 530646035 (10)
530656035 = 530656035 (10)
530666035 = 530666035 (10)
530676035 = 530676035 (10)
530686035 = 530686035 (10)
530696035 = 530696035 (10)
530707035 = 530707035 (10)
530717035 = 530717035 (10)
530727035 = 530727035 (10)
530737035 = 530737035 (10)
530747035 = 530747035 (10)
530757035 = 530757035 (10)
530767035 = 530767035 (10)
530777035 = 530777035 (10)
530787035 = 530787035 (10)
530797035 = 530797035 (10)
530808035 = 530808035 (10)
530818035 = 530818035 (10)
530828035 = 530828035 (10)
530838035 = 530838035 (10)
530848035 = 530848035 (10)
530858035 = 530858035 (10)
530868035 = 530868035 (10)
530878035 = 530878035 (10)
530888035 = 530888035 (10)
530898035 = 530898035 (10)
530909035 = 530909035 (10)
530919035 = 530919035 (10)
530929035 = 530929035 (10)
530939035 = 530939035 (10)
530949035 = 530949035 (10)
530959035 = 530959035 (10)
530969035 = 530969035 (10)
530979035 = 530979035 (10)
530989035 = 530989035 (10)
530999035 = 530999035 (10)
531000135 = 531000135 (10)
531010135 = 531010135 (10)
531020135 = 531020135 (10)
531030135 = 531030135 (10)
531040135 = 531040135 (10)
531050135 = 531050135 (10)
531060135 = 531060135 (10)
531070135 = 531070135 (10)
531080135 = 531080135 (10)
531090135 = 531090135 (10)
531101135 = 531101135 (10)
531111135 = 531111135 (10)
531121135 = 531121135 (10)
531131135 = 531131135 (10)
531141135 = 531141135 (10)
531151135 = 531151135 (10)
531161135 = 531161135 (10)
531171135 = 531171135 (10)
531181135 = 531181135 (10)
531191135 = 531191135 (10)
531202135 = 531202135 (10)
531212135 = 531212135 (10)
531222135 = 531222135 (10)
531232135 = 531232135 (10)
531242135 = 531242135 (10)
531252135 = 531252135 (10)
531262135 = 531262135 (10)
531272135 = 531272135 (10)
531282135 = 531282135 (10)
531292135 = 531292135 (10)
531303135 = 531303135 (10)
531313135 = 531313135 (10)
531323135 = 531323135 (10)
531333135 = 531333135 (10)
531343135 = 531343135 (10)
531353135 = 531353135 (10)
531363135 = 531363135 (10)
531373135 = 531373135 (10)
531383135 = 531383135 (10)
531393135 = 531393135 (10)
531404135 = 531404135 (10)
531414135 = 531414135 (10)
531424135 = 531424135 (10)
531434135 = 531434135 (10)
531444135 = 531444135 (10)
531454135 = 531454135 (10)
531464135 = 531464135 (10)
531474135 = 531474135 (10)
531484135 = 531484135 (10)
531494135 = 531494135 (10)
531505135 = 531505135 (10)
531515135 = 531515135 (10)
531525135 = 531525135 (10)
531535135 = 531535135 (10)
531545135 = 531545135 (10)
531555135 = 531555135 (10)
531565135 = 531565135 (10)
531575135 = 531575135 (10)
531585135 = 531585135 (10)
531595135 = 531595135 (10)
531606135 = 531606135 (10)
531616135 = 531616135 (10)
531626135 = 531626135 (10)
531636135 = 531636135 (10)
531646135 = 531646135 (10)
531656135 = 531656135 (10)
531666135 = 531666135 (10)
531676135 = 531676135 (10)
531686135 = 531686135 (10)
531696135 = 531696135 (10)
531707135 = 531707135 (10)
531717135 = 531717135 (10)
531727135 = 531727135 (10)
531737135 = 531737135 (10)
531747135 = 531747135 (10)
531757135 = 531757135 (10)
531767135 = 531767135 (10)
531777135 = 531777135 (10)
531787135 = 531787135 (10)
531797135 = 531797135 (10)
531808135 = 531808135 (10)
531818135 = 531818135 (10)
531828135 = 531828135 (10)
531838135 = 531838135 (10)
531848135 = 531848135 (10)
531858135 = 531858135 (10)
531868135 = 531868135 (10)
531878135 = 531878135 (10)
531888135 = 531888135 (10)
531898135 = 531898135 (10)
531909135 = 531909135 (10)
Celkem: -1073824443
