Vstupni intervaly:
Celkem: 5858180752
Celkem: 9663635198
1346677120 = 10110212000021201101 (3)
1346755852 = 10110212011021201101 (3)
1346834584 = 10110212022021201101 (3)
1346860828 = 10110212100121201101 (3)
1346939560 = 10110212111121201101 (3)
1347018292 = 10110212122121201101 (3)
1347044536 = 10110212200221201101 (3)
1347123268 = 10110212211221201101 (3)
1347202000 = 10110212222221201101 (3)
1347204916 = 10110220000002201101 (3)
1347283648 = 10110220011002201101 (3)
1347362380 = 10110220022002201101 (3)
1347388624 = 10110220100102201101 (3)
1347467356 = 10110220111102201101 (3)
1347546088 = 10110220122102201101 (3)
1347572332 = 10110220200202201101 (3)
1347651064 = 10110220211202201101 (3)
1347729796 = 10110220222202201101 (3)
1347738544 = 10110221000012201101 (3)
1347817276 = 10110221011012201101 (3)
1347896008 = 10110221022012201101 (3)
1347922252 = 10110221100112201101 (3)
1348000984 = 10110221111112201101 (3)
1348079716 = 10110221122112201101 (3)
1348105960 = 10110221200212201101 (3)
1348184692 = 10110221211212201101 (3)
1348263424 = 10110221222212201101 (3)
1348272172 = 10110222000022201101 (3)
1348350904 = 10110222011022201101 (3)
1348429636 = 10110222022022201101 (3)
1348455880 = 10110222100122201101 (3)
1348534612 = 10110222111122201101 (3)
1348613344 = 10110222122122201101 (3)
1348639588 = 10110222200222201101 (3)
1348718320 = 10110222211222201101 (3)
1348797052 = 10110222222222201101 (3)
1348797376 = 10111000000000011101 (3)
1348876108 = 10111000011000011101 (3)
1348954840 = 10111000022000011101 (3)
1348981084 = 10111000100100011101 (3)
1349059816 = 10111000111100011101 (3)
1349138548 = 10111000122100011101 (3)
1349164792 = 10111000200200011101 (3)
1349243524 = 10111000211200011101 (3)
1349322256 = 10111000222200011101 (3)
1349331004 = 10111001000010011101 (3)
1349409736 = 10111001011010011101 (3)
1349488468 = 10111001022010011101 (3)
1349514712 = 10111001100110011101 (3)
1349593444 = 10111001111110011101 (3)
1349672176 = 10111001122110011101 (3)
1349698420 = 10111001200210011101 (3)
1349777152 = 10111001211210011101 (3)
1349855884 = 10111001222210011101 (3)
1349864632 = 10111002000020011101 (3)
1349943364 = 10111002011020011101 (3)
1350022096 = 10111002022020011101 (3)
1350048340 = 10111002100120011101 (3)
1350127072 = 10111002111120011101 (3)
1350205804 = 10111002122120011101 (3)
1350232048 = 10111002200220011101 (3)
1350310780 = 10111002211220011101 (3)
1350389512 = 10111002222220011101 (3)
1350392428 = 10111010000001011101 (3)
1350471160 = 10111010011001011101 (3)
1350549892 = 10111010022001011101 (3)
1350576136 = 10111010100101011101 (3)
1350654868 = 10111010111101011101 (3)
1350733600 = 10111010122101011101 (3)
1350759844 = 10111010200201011101 (3)
1350838576 = 10111010211201011101 (3)
1350917308 = 10111010222201011101 (3)
1350926056 = 10111011000011011101 (3)
1351004788 = 10111011011011011101 (3)
1351083520 = 10111011022011011101 (3)
1351109764 = 10111011100111011101 (3)
1351188496 = 10111011111111011101 (3)
1351267228 = 10111011122111011101 (3)
1351293472 = 10111011200211011101 (3)
1351372204 = 10111011211211011101 (3)
1351450936 = 10111011222211011101 (3)
1351459684 = 10111012000021011101 (3)
1351538416 = 10111012011021011101 (3)
1351617148 = 10111012022021011101 (3)
1351643392 = 10111012100121011101 (3)
1351722124 = 10111012111121011101 (3)
1351800856 = 10111012122121011101 (3)
1351827100 = 10111012200221011101 (3)
1351905832 = 10111012211221011101 (3)
1351984564 = 10111012222221011101 (3)
1351987480 = 10111020000002011101 (3)
1352066212 = 10111020011002011101 (3)
1352144944 = 10111020022002011101 (3)
1352171188 = 10111020100102011101 (3)
1352249920 = 10111020111102011101 (3)
1352328652 = 10111020122102011101 (3)
1352354896 = 10111020200202011101 (3)
1352433628 = 10111020211202011101 (3)
1352512360 = 10111020222202011101 (3)
1352521108 = 10111021000012011101 (3)
1352599840 = 10111021011012011101 (3)
1352678572 = 10111021022012011101 (3)
1352704816 = 10111021100112011101 (3)
1352783548 = 10111021111112011101 (3)
1352862280 = 10111021122112011101 (3)
1352888524 = 10111021200212011101 (3)
1352967256 = 10111021211212011101 (3)
1353045988 = 10111021222212011101 (3)
1353054736 = 10111022000022011101 (3)
1353133468 = 10111022011022011101 (3)
1353212200 = 10111022022022011101 (3)
1353238444 = 10111022100122011101 (3)
1353317176 = 10111022111122011101 (3)
1353395908 = 10111022122122011101 (3)
1353422152 = 10111022200222011101 (3)
1353500884 = 10111022211222011101 (3)
1353579616 = 10111022222222011101 (3)
1353580588 = 10111100000000111101 (3)
1353659320 = 10111100011000111101 (3)
1353738052 = 10111100022000111101 (3)
1353764296 = 10111100100100111101 (3)
1353843028 = 10111100111100111101 (3)
1353921760 = 10111100122100111101 (3)
1353948004 = 10111100200200111101 (3)
1354026736 = 10111100211200111101 (3)
1354105468 = 10111100222200111101 (3)
1354114216 = 10111101000010111101 (3)
1354192948 = 10111101011010111101 (3)
1354271680 = 10111101022010111101 (3)
1354297924 = 10111101100110111101 (3)
1354376656 = 10111101111110111101 (3)
1354455388 = 10111101122110111101 (3)
1354481632 = 10111101200210111101 (3)
1354560364 = 10111101211210111101 (3)
1354639096 = 10111101222210111101 (3)
1354647844 = 10111102000020111101 (3)
1354726576 = 10111102011020111101 (3)
1354805308 = 10111102022020111101 (3)
1354831552 = 10111102100120111101 (3)
1354910284 = 10111102111120111101 (3)
1354989016 = 10111102122120111101 (3)
1355015260 = 10111102200220111101 (3)
1355093992 = 10111102211220111101 (3)
1355172724 = 10111102222220111101 (3)
1355175640 = 10111110000001111101 (3)
1355254372 = 10111110011001111101 (3)
1355333104 = 10111110022001111101 (3)
1355359348 = 10111110100101111101 (3)
1355438080 = 10111110111101111101 (3)
1355516812 = 10111110122101111101 (3)
1355543056 = 10111110200201111101 (3)
1355621788 = 10111110211201111101 (3)
1355700520 = 10111110222201111101 (3)
1355709268 = 10111111000011111101 (3)
1355788000 = 10111111011011111101 (3)
1355866732 = 10111111022011111101 (3)
1355892976 = 10111111100111111101 (3)
1355971708 = 10111111111111111101 (3)
1356050440 = 10111111122111111101 (3)
1356076684 = 10111111200211111101 (3)
1356155416 = 10111111211211111101 (3)
1356234148 = 10111111222211111101 (3)
1356242896 = 10111112000021111101 (3)
1356321628 = 10111112011021111101 (3)
1356400360 = 10111112022021111101 (3)
1356426604 = 10111112100121111101 (3)
1356505336 = 10111112111121111101 (3)
1356584068 = 10111112122121111101 (3)
1356610312 = 10111112200221111101 (3)
1356689044 = 10111112211221111101 (3)
1356767776 = 10111112222221111101 (3)
1356770692 = 10111120000002111101 (3)
1356849424 = 10111120011002111101 (3)
1356928156 = 10111120022002111101 (3)
1356954400 = 10111120100102111101 (3)
1357033132 = 10111120111102111101 (3)
1357111864 = 10111120122102111101 (3)
1357138108 = 10111120200202111101 (3)
1357216840 = 10111120211202111101 (3)
1357295572 = 10111120222202111101 (3)
1357304320 = 10111121000012111101 (3)
1357383052 = 10111121011012111101 (3)
1357461784 = 10111121022012111101 (3)
1357488028 = 10111121100112111101 (3)
1357566760 = 10111121111112111101 (3)
1357645492 = 10111121122112111101 (3)
1357671736 = 10111121200212111101 (3)
1357750468 = 10111121211212111101 (3)
1357829200 = 10111121222212111101 (3)
1357837948 = 10111122000022111101 (3)
1357916680 = 10111122011022111101 (3)
1357995412 = 10111122022022111101 (3)
1358021656 = 10111122100122111101 (3)
1358100388 = 10111122111122111101 (3)
1358179120 = 10111122122122111101 (3)
1358205364 = 10111122200222111101 (3)
1358284096 = 10111122211222111101 (3)
1358362828 = 10111122222222111101 (3)
1358363800 = 10111200000000211101 (3)
1358442532 = 10111200011000211101 (3)
1358521264 = 10111200022000211101 (3)
1358547508 = 10111200100100211101 (3)
1358626240 = 10111200111100211101 (3)
1358704972 = 10111200122100211101 (3)
1358731216 = 10111200200200211101 (3)
1358809948 = 10111200211200211101 (3)
1358888680 = 10111200222200211101 (3)
1358897428 = 10111201000010211101 (3)
1358976160 = 10111201011010211101 (3)
1359054892 = 10111201022010211101 (3)
1359081136 = 10111201100110211101 (3)
1359159868 = 10111201111110211101 (3)
1359238600 = 10111201122110211101 (3)
1359264844 = 10111201200210211101 (3)
1359343576 = 10111201211210211101 (3)
1359422308 = 10111201222210211101 (3)
1359431056 = 10111202000020211101 (3)
1359509788 = 10111202011020211101 (3)
1359588520 = 10111202022020211101 (3)
1359614764 = 10111202100120211101 (3)
1359693496 = 10111202111120211101 (3)
1359772228 = 10111202122120211101 (3)
1359798472 = 10111202200220211101 (3)
1359877204 = 10111202211220211101 (3)
1359955936 = 10111202222220211101 (3)
1359958852 = 10111210000001211101 (3)
1360037584 = 10111210011001211101 (3)
1360116316 = 10111210022001211101 (3)
1360142560 = 10111210100101211101 (3)
1360221292 = 10111210111101211101 (3)
1360300024 = 10111210122101211101 (3)
1360326268 = 10111210200201211101 (3)
1360405000 = 10111210211201211101 (3)
1360483732 = 10111210222201211101 (3)
1360492480 = 10111211000011211101 (3)
1360571212 = 10111211011011211101 (3)
1360649944 = 10111211022011211101 (3)
1360676188 = 10111211100111211101 (3)
1360754920 = 10111211111111211101 (3)
1360833652 = 10111211122111211101 (3)
1360859896 = 10111211200211211101 (3)
1360938628 = 10111211211211211101 (3)
1361017360 = 10111211222211211101 (3)
1361026108 = 10111212000021211101 (3)
1361104840 = 10111212011021211101 (3)
1361183572 = 10111212022021211101 (3)
1361209816 = 10111212100121211101 (3)
1361288548 = 10111212111121211101 (3)
1361367280 = 10111212122121211101 (3)
1361393524 = 10111212200221211101 (3)
1361472256 = 10111212211221211101 (3)
1361550988 = 10111212222221211101 (3)
1361553904 = 10111220000002211101 (3)
1361632636 = 10111220011002211101 (3)
1361711368 = 10111220022002211101 (3)
1361737612 = 10111220100102211101 (3)
1361816344 = 10111220111102211101 (3)
1361895076 = 10111220122102211101 (3)
1361921320 = 10111220200202211101 (3)
1362000052 = 10111220211202211101 (3)
1362078784 = 10111220222202211101 (3)
1362087532 = 10111221000012211101 (3)
1362166264 = 10111221011012211101 (3)
1362244996 = 10111221022012211101 (3)
1362271240 = 10111221100112211101 (3)
1362349972 = 10111221111112211101 (3)
1362428704 = 10111221122112211101 (3)
1362454948 = 10111221200212211101 (3)
1362533680 = 10111221211212211101 (3)
1362612412 = 10111221222212211101 (3)
1362621160 = 10111222000022211101 (3)
1362699892 = 10111222011022211101 (3)
1362778624 = 10111222022022211101 (3)
1362804868 = 10111222100122211101 (3)
1362883600 = 10111222111122211101 (3)
1362962332 = 10111222122122211101 (3)
1362988576 = 10111222200222211101 (3)
1363067308 = 10111222211222211101 (3)
1363146040 = 10111222222222211101 (3)
1363146364 = 10112000000000021101 (3)
1363225096 = 10112000011000021101 (3)
1363303828 = 10112000022000021101 (3)
1363330072 = 10112000100100021101 (3)
1363408804 = 10112000111100021101 (3)
1363487536 = 10112000122100021101 (3)
1363513780 = 10112000200200021101 (3)
1363592512 = 10112000211200021101 (3)
1363671244 = 10112000222200021101 (3)
1363679992 = 10112001000010021101 (3)
1363758724 = 10112001011010021101 (3)
1363837456 = 10112001022010021101 (3)
1363863700 = 10112001100110021101 (3)
1363942432 = 10112001111110021101 (3)
1364021164 = 10112001122110021101 (3)
1364047408 = 10112001200210021101 (3)
1364126140 = 10112001211210021101 (3)
1364204872 = 10112001222210021101 (3)
1364213620 = 10112002000020021101 (3)
1364292352 = 10112002011020021101 (3)
1364371084 = 10112002022020021101 (3)
1364397328 = 10112002100120021101 (3)
1364476060 = 10112002111120021101 (3)
1364554792 = 10112002122120021101 (3)
1364581036 = 10112002200220021101 (3)
1364659768 = 10112002211220021101 (3)
1364738500 = 10112002222220021101 (3)
1364741416 = 10112010000001021101 (3)
1364820148 = 10112010011001021101 (3)
1364898880 = 10112010022001021101 (3)
1364925124 = 10112010100101021101 (3)
1365003856 = 10112010111101021101 (3)
1365082588 = 10112010122101021101 (3)
1365108832 = 10112010200201021101 (3)
1365187564 = 10112010211201021101 (3)
1365266296 = 10112010222201021101 (3)
1365275044 = 10112011000011021101 (3)
1365353776 = 10112011011011021101 (3)
1365432508 = 10112011022011021101 (3)
1365458752 = 10112011100111021101 (3)
1365537484 = 10112011111111021101 (3)
1365616216 = 10112011122111021101 (3)
1365642460 = 10112011200211021101 (3)
1365721192 = 10112011211211021101 (3)
1365799924 = 10112011222211021101 (3)
1365808672 = 10112012000021021101 (3)
1365887404 = 10112012011021021101 (3)
1365966136 = 10112012022021021101 (3)
1365992380 = 10112012100121021101 (3)
1366071112 = 10112012111121021101 (3)
1366149844 = 10112012122121021101 (3)
1366176088 = 10112012200221021101 (3)
1366254820 = 10112012211221021101 (3)
1366333552 = 10112012222221021101 (3)
1366336468 = 10112020000002021101 (3)
1366415200 = 10112020011002021101 (3)
1366493932 = 10112020022002021101 (3)
1366520176 = 10112020100102021101 (3)
1366598908 = 10112020111102021101 (3)
1366677640 = 10112020122102021101 (3)
1366703884 = 10112020200202021101 (3)
1366782616 = 10112020211202021101 (3)
1366861348 = 10112020222202021101 (3)
1366870096 = 10112021000012021101 (3)
1366948828 = 10112021011012021101 (3)
1367027560 = 10112021022012021101 (3)
1367053804 = 10112021100112021101 (3)
1367132536 = 10112021111112021101 (3)
1367211268 = 10112021122112021101 (3)
1367237512 = 10112021200212021101 (3)
1367316244 = 10112021211212021101 (3)
1367394976 = 10112021222212021101 (3)
1367403724 = 10112022000022021101 (3)
1367482456 = 10112022011022021101 (3)
1367561188 = 10112022022022021101 (3)
1367587432 = 10112022100122021101 (3)
1367666164 = 10112022111122021101 (3)
1367744896 = 10112022122122021101 (3)
1367771140 = 10112022200222021101 (3)
1367849872 = 10112022211222021101 (3)
1367928604 = 10112022222222021101 (3)
1367929576 = 10112100000000121101 (3)
1368008308 = 10112100011000121101 (3)
1368087040 = 10112100022000121101 (3)
1368113284 = 10112100100100121101 (3)
1368192016 = 10112100111100121101 (3)
1368270748 = 10112100122100121101 (3)
1368296992 = 10112100200200121101 (3)
1368375724 = 10112100211200121101 (3)
1368454456 = 10112100222200121101 (3)
1368463204 = 10112101000010121101 (3)
1368541936 = 10112101011010121101 (3)
1368620668 = 10112101022010121101 (3)
1368646912 = 10112101100110121101 (3)
1368725644 = 10112101111110121101 (3)
1368804376 = 10112101122110121101 (3)
1368830620 = 10112101200210121101 (3)
1368909352 = 10112101211210121101 (3)
1368988084 = 10112101222210121101 (3)
1368996832 = 10112102000020121101 (3)
1369075564 = 10112102011020121101 (3)
1369154296 = 10112102022020121101 (3)
1369180540 = 10112102100120121101 (3)
1369259272 = 10112102111120121101 (3)
1369338004 = 10112102122120121101 (3)
1369364248 = 10112102200220121101 (3)
1369442980 = 10112102211220121101 (3)
1369521712 = 10112102222220121101 (3)
1369524628 = 10112110000001121101 (3)
1369603360 = 10112110011001121101 (3)
1369682092 = 10112110022001121101 (3)
1369708336 = 10112110100101121101 (3)
1369787068 = 10112110111101121101 (3)
1369865800 = 10112110122101121101 (3)
1369892044 = 10112110200201121101 (3)
1369970776 = 10112110211201121101 (3)
1370049508 = 10112110222201121101 (3)
1370058256 = 10112111000011121101 (3)
1370136988 = 10112111011011121101 (3)
1370215720 = 10112111022011121101 (3)
1370241964 = 10112111100111121101 (3)
1370320696 = 10112111111111121101 (3)
1370399428 = 10112111122111121101 (3)
1370425672 = 10112111200211121101 (3)
1370504404 = 10112111211211121101 (3)
1370583136 = 10112111222211121101 (3)
1370591884 = 10112112000021121101 (3)
1370670616 = 10112112011021121101 (3)
1370749348 = 10112112022021121101 (3)
1370775592 = 10112112100121121101 (3)
1370854324 = 10112112111121121101 (3)
1370933056 = 10112112122121121101 (3)
1370959300 = 10112112200221121101 (3)
1371038032 = 10112112211221121101 (3)
1371116764 = 10112112222221121101 (3)
1371119680 = 10112120000002121101 (3)
1371198412 = 10112120011002121101 (3)
1371277144 = 10112120022002121101 (3)
1371303388 = 10112120100102121101 (3)
1371382120 = 10112120111102121101 (3)
1371460852 = 10112120122102121101 (3)
1371487096 = 10112120200202121101 (3)
1371565828 = 10112120211202121101 (3)
1371644560 = 10112120222202121101 (3)
1371653308 = 10112121000012121101 (3)
1371732040 = 10112121011012121101 (3)
1371810772 = 10112121022012121101 (3)
1371837016 = 10112121100112121101 (3)
1371915748 = 10112121111112121101 (3)
1371994480 = 10112121122112121101 (3)
1372020724 = 10112121200212121101 (3)
1372099456 = 10112121211212121101 (3)
1372178188 = 10112121222212121101 (3)
1372186936 = 10112122000022121101 (3)
1372265668 = 10112122011022121101 (3)
1372344400 = 10112122022022121101 (3)
1372370644 = 10112122100122121101 (3)
1372449376 = 10112122111122121101 (3)
1372528108 = 10112122122122121101 (3)
1372554352 = 10112122200222121101 (3)
1372633084 = 10112122211222121101 (3)
1372711816 = 10112122222222121101 (3)
1372712788 = 10112200000000221101 (3)
1372791520 = 10112200011000221101 (3)
1372870252 = 10112200022000221101 (3)
1372896496 = 10112200100100221101 (3)
1372975228 = 10112200111100221101 (3)
1373053960 = 10112200122100221101 (3)
1373080204 = 10112200200200221101 (3)
1373158936 = 10112200211200221101 (3)
1373237668 = 10112200222200221101 (3)
1373246416 = 10112201000010221101 (3)
1373325148 = 10112201011010221101 (3)
1373403880 = 10112201022010221101 (3)
1373430124 = 10112201100110221101 (3)
1373508856 = 10112201111110221101 (3)
1373587588 = 10112201122110221101 (3)
1373613832 = 10112201200210221101 (3)
1373692564 = 10112201211210221101 (3)
1373771296 = 10112201222210221101 (3)
1373780044 = 10112202000020221101 (3)
1373858776 = 10112202011020221101 (3)
1373937508 = 10112202022020221101 (3)
1373963752 = 10112202100120221101 (3)
1374042484 = 10112202111120221101 (3)
1374121216 = 10112202122120221101 (3)
1374147460 = 10112202200220221101 (3)
1374226192 = 10112202211220221101 (3)
1374304924 = 10112202222220221101 (3)
1374307840 = 10112210000001221101 (3)
1374386572 = 10112210011001221101 (3)
1374465304 = 10112210022001221101 (3)
1374491548 = 10112210100101221101 (3)
1374570280 = 10112210111101221101 (3)
1374649012 = 10112210122101221101 (3)
1374675256 = 10112210200201221101 (3)
1374753988 = 10112210211201221101 (3)
1374832720 = 10112210222201221101 (3)
1374841468 = 10112211000011221101 (3)
1374920200 = 10112211011011221101 (3)
1374998932 = 10112211022011221101 (3)
1375025176 = 10112211100111221101 (3)
1375103908 = 10112211111111221101 (3)
1375182640 = 10112211122111221101 (3)
1375208884 = 10112211200211221101 (3)
1375287616 = 10112211211211221101 (3)
1375366348 = 10112211222211221101 (3)
1375375096 = 10112212000021221101 (3)
1375453828 = 10112212011021221101 (3)
1375532560 = 10112212022021221101 (3)
1375558804 = 10112212100121221101 (3)
1375637536 = 10112212111121221101 (3)
1375716268 = 10112212122121221101 (3)
1375742512 = 10112212200221221101 (3)
1375821244 = 10112212211221221101 (3)
1375899976 = 10112212222221221101 (3)
1375902892 = 10112220000002221101 (3)
1375981624 = 10112220011002221101 (3)
1376060356 = 10112220022002221101 (3)
1376086600 = 10112220100102221101 (3)
1376165332 = 10112220111102221101 (3)
1376244064 = 10112220122102221101 (3)
1376270308 = 10112220200202221101 (3)
1376349040 = 10112220211202221101 (3)
1376427772 = 10112220222202221101 (3)
1376436520 = 10112221000012221101 (3)
1376515252 = 10112221011012221101 (3)
1376593984 = 10112221022012221101 (3)
1376620228 = 10112221100112221101 (3)
1376698960 = 10112221111112221101 (3)
1376777692 = 10112221122112221101 (3)
1376803936 = 10112221200212221101 (3)
1376882668 = 10112221211212221101 (3)
1376961400 = 10112221222212221101 (3)
1376970148 = 10112222000022221101 (3)
1377048880 = 10112222011022221101 (3)
1377127612 = 10112222022022221101 (3)
1377153856 = 10112222100122221101 (3)
1377232588 = 10112222111122221101 (3)
1377311320 = 10112222122122221101 (3)
1377337564 = 10112222200222221101 (3)
1377416296 = 10112222211222221101 (3)
1377495028 = 10112222222222221101 (3)
1377495136 = 10120000000000002101 (3)
1377573868 = 10120000011000002101 (3)
1377652600 = 10120000022000002101 (3)
1377678844 = 10120000100100002101 (3)
1377757576 = 10120000111100002101 (3)
1377836308 = 10120000122100002101 (3)
1377862552 = 10120000200200002101 (3)
1377941284 = 10120000211200002101 (3)
1378020016 = 10120000222200002101 (3)
1378028764 = 10120001000010002101 (3)
1378107496 = 10120001011010002101 (3)
1378186228 = 10120001022010002101 (3)
1378212472 = 10120001100110002101 (3)
1378291204 = 10120001111110002101 (3)
1378369936 = 10120001122110002101 (3)
1378396180 = 10120001200210002101 (3)
1378474912 = 10120001211210002101 (3)
1378553644 = 10120001222210002101 (3)
1378562392 = 10120002000020002101 (3)
1378641124 = 10120002011020002101 (3)
1378719856 = 10120002022020002101 (3)
1378746100 = 10120002100120002101 (3)
1378824832 = 10120002111120002101 (3)
1378903564 = 10120002122120002101 (3)
1378929808 = 10120002200220002101 (3)
1379008540 = 10120002211220002101 (3)
1379087272 = 10120002222220002101 (3)
1379090188 = 10120010000001002101 (3)
1379168920 = 10120010011001002101 (3)
1379247652 = 10120010022001002101 (3)
1379273896 = 10120010100101002101 (3)
1379352628 = 10120010111101002101 (3)
1379431360 = 10120010122101002101 (3)
1379457604 = 10120010200201002101 (3)
1379536336 = 10120010211201002101 (3)
1379615068 = 10120010222201002101 (3)
1379623816 = 10120011000011002101 (3)
1379702548 = 10120011011011002101 (3)
1379781280 = 10120011022011002101 (3)
1379807524 = 10120011100111002101 (3)
1379886256 = 10120011111111002101 (3)
1379964988 = 10120011122111002101 (3)
1379991232 = 10120011200211002101 (3)
1380069964 = 10120011211211002101 (3)
1380148696 = 10120011222211002101 (3)
1380157444 = 10120012000021002101 (3)
1380236176 = 10120012011021002101 (3)
1380314908 = 10120012022021002101 (3)
1380341152 = 10120012100121002101 (3)
1380419884 = 10120012111121002101 (3)
1380498616 = 10120012122121002101 (3)
1380524860 = 10120012200221002101 (3)
1380603592 = 10120012211221002101 (3)
1380682324 = 10120012222221002101 (3)
1380685240 = 10120020000002002101 (3)
1380763972 = 10120020011002002101 (3)
1380842704 = 10120020022002002101 (3)
1380868948 = 10120020100102002101 (3)
1380947680 = 10120020111102002101 (3)
1381026412 = 10120020122102002101 (3)
1381052656 = 10120020200202002101 (3)
1381131388 = 10120020211202002101 (3)
1381210120 = 10120020222202002101 (3)
1381218868 = 10120021000012002101 (3)
1381297600 = 10120021011012002101 (3)
1381376332 = 10120021022012002101 (3)
1381402576 = 10120021100112002101 (3)
1381481308 = 10120021111112002101 (3)
1381560040 = 10120021122112002101 (3)
1381586284 = 10120021200212002101 (3)
1381665016 = 10120021211212002101 (3)
1381743748 = 10120021222212002101 (3)
1381752496 = 10120022000022002101 (3)
1381831228 = 10120022011022002101 (3)
1381909960 = 10120022022022002101 (3)
1381936204 = 10120022100122002101 (3)
1382014936 = 10120022111122002101 (3)
1382093668 = 10120022122122002101 (3)
1382119912 = 10120022200222002101 (3)
1382198644 = 10120022211222002101 (3)
1382277376 = 10120022222222002101 (3)
1382278348 = 10120100000000102101 (3)
1382357080 = 10120100011000102101 (3)
1382435812 = 10120100022000102101 (3)
1382462056 = 10120100100100102101 (3)
1382540788 = 10120100111100102101 (3)
1382619520 = 10120100122100102101 (3)
1382645764 = 10120100200200102101 (3)
1382724496 = 10120100211200102101 (3)
1382803228 = 10120100222200102101 (3)
1382811976 = 10120101000010102101 (3)
1382890708 = 10120101011010102101 (3)
1382969440 = 10120101022010102101 (3)
1382995684 = 10120101100110102101 (3)
1383074416 = 10120101111110102101 (3)
1383153148 = 10120101122110102101 (3)
1383179392 = 10120101200210102101 (3)
1383258124 = 10120101211210102101 (3)
1383336856 = 10120101222210102101 (3)
1383345604 = 10120102000020102101 (3)
1383424336 = 10120102011020102101 (3)
1383503068 = 10120102022020102101 (3)
1383529312 = 10120102100120102101 (3)
1383608044 = 10120102111120102101 (3)
1383686776 = 10120102122120102101 (3)
1383713020 = 10120102200220102101 (3)
1383791752 = 10120102211220102101 (3)
1383870484 = 10120102222220102101 (3)
1383873400 = 10120110000001102101 (3)
1383952132 = 10120110011001102101 (3)
1384030864 = 10120110022001102101 (3)
1384057108 = 10120110100101102101 (3)
1384135840 = 10120110111101102101 (3)
1384214572 = 10120110122101102101 (3)
1384240816 = 10120110200201102101 (3)
1384319548 = 10120110211201102101 (3)
1384398280 = 10120110222201102101 (3)
1384407028 = 10120111000011102101 (3)
1384485760 = 10120111011011102101 (3)
1384564492 = 10120111022011102101 (3)
1384590736 = 10120111100111102101 (3)
1384669468 = 10120111111111102101 (3)
1384748200 = 10120111122111102101 (3)
1384774444 = 10120111200211102101 (3)
1384853176 = 10120111211211102101 (3)
1384931908 = 10120111222211102101 (3)
1384940656 = 10120112000021102101 (3)
1385019388 = 10120112011021102101 (3)
1385098120 = 10120112022021102101 (3)
1385124364 = 10120112100121102101 (3)
1385203096 = 10120112111121102101 (3)
1385281828 = 10120112122121102101 (3)
1385308072 = 10120112200221102101 (3)
1385386804 = 10120112211221102101 (3)
1385465536 = 10120112222221102101 (3)
1385468452 = 10120120000002102101 (3)
1385547184 = 10120120011002102101 (3)
1385625916 = 10120120022002102101 (3)
1385652160 = 10120120100102102101 (3)
1385730892 = 10120120111102102101 (3)
1385809624 = 10120120122102102101 (3)
1385835868 = 10120120200202102101 (3)
1385914600 = 10120120211202102101 (3)
1385993332 = 10120120222202102101 (3)
1386002080 = 10120121000012102101 (3)
1386080812 = 10120121011012102101 (3)
1386159544 = 10120121022012102101 (3)
1386185788 = 10120121100112102101 (3)
1386264520 = 10120121111112102101 (3)
1386343252 = 10120121122112102101 (3)
1386369496 = 10120121200212102101 (3)
1386448228 = 10120121211212102101 (3)
1386526960 = 10120121222212102101 (3)
1386535708 = 10120122000022102101 (3)
1386614440 = 10120122011022102101 (3)
1386693172 = 10120122022022102101 (3)
1386719416 = 10120122100122102101 (3)
1386798148 = 10120122111122102101 (3)
1386876880 = 10120122122122102101 (3)
1386903124 = 10120122200222102101 (3)
1386981856 = 10120122211222102101 (3)
1387060588 = 10120122222222102101 (3)
1387061560 = 10120200000000202101 (3)
1387140292 = 10120200011000202101 (3)
1387219024 = 10120200022000202101 (3)
1387245268 = 10120200100100202101 (3)
1387324000 = 10120200111100202101 (3)
1387402732 = 10120200122100202101 (3)
1387428976 = 10120200200200202101 (3)
1387507708 = 10120200211200202101 (3)
1387586440 = 10120200222200202101 (3)
1387595188 = 10120201000010202101 (3)
1387673920 = 10120201011010202101 (3)
1387752652 = 10120201022010202101 (3)
1387778896 = 10120201100110202101 (3)
1387857628 = 10120201111110202101 (3)
1387936360 = 10120201122110202101 (3)
1387962604 = 10120201200210202101 (3)
1388041336 = 10120201211210202101 (3)
1388120068 = 10120201222210202101 (3)
1388128816 = 10120202000020202101 (3)
1388207548 = 10120202011020202101 (3)
1388286280 = 10120202022020202101 (3)
1388312524 = 10120202100120202101 (3)
1388391256 = 10120202111120202101 (3)
1388469988 = 10120202122120202101 (3)
1388496232 = 10120202200220202101 (3)
1388574964 = 10120202211220202101 (3)
1388653696 = 10120202222220202101 (3)
1388656612 = 10120210000001202101 (3)
1388735344 = 10120210011001202101 (3)
1388814076 = 10120210022001202101 (3)
1388840320 = 10120210100101202101 (3)
1388919052 = 10120210111101202101 (3)
1388997784 = 10120210122101202101 (3)
1389024028 = 10120210200201202101 (3)
1389102760 = 10120210211201202101 (3)
1389181492 = 10120210222201202101 (3)
1389190240 = 10120211000011202101 (3)
1389268972 = 10120211011011202101 (3)
1389347704 = 10120211022011202101 (3)
1389373948 = 10120211100111202101 (3)
1389452680 = 10120211111111202101 (3)
1389531412 = 10120211122111202101 (3)
1389557656 = 10120211200211202101 (3)
1389636388 = 10120211211211202101 (3)
1389715120 = 10120211222211202101 (3)
1389723868 = 10120212000021202101 (3)
1389802600 = 10120212011021202101 (3)
1389881332 = 10120212022021202101 (3)
1389907576 = 10120212100121202101 (3)
1389986308 = 10120212111121202101 (3)
1390065040 = 10120212122121202101 (3)
1390091284 = 10120212200221202101 (3)
1390170016 = 10120212211221202101 (3)
1390248748 = 10120212222221202101 (3)
1390251664 = 10120220000002202101 (3)
1390330396 = 10120220011002202101 (3)
1390409128 = 10120220022002202101 (3)
1390435372 = 10120220100102202101 (3)
1390514104 = 10120220111102202101 (3)
1390592836 = 10120220122102202101 (3)
1390619080 = 10120220200202202101 (3)
1390697812 = 10120220211202202101 (3)
1390776544 = 10120220222202202101 (3)
1390785292 = 10120221000012202101 (3)
1390864024 = 10120221011012202101 (3)
1390942756 = 10120221022012202101 (3)
1390969000 = 10120221100112202101 (3)
1391047732 = 10120221111112202101 (3)
1391126464 = 10120221122112202101 (3)
1391152708 = 10120221200212202101 (3)
1391231440 = 10120221211212202101 (3)
1391310172 = 10120221222212202101 (3)
1391318920 = 10120222000022202101 (3)
1391397652 = 10120222011022202101 (3)
1391476384 = 10120222022022202101 (3)
1391502628 = 10120222100122202101 (3)
1391581360 = 10120222111122202101 (3)
1391660092 = 10120222122122202101 (3)
1391686336 = 10120222200222202101 (3)
1391765068 = 10120222211222202101 (3)
1391843800 = 10120222222222202101 (3)
1391844124 = 10121000000000012101 (3)
1391922856 = 10121000011000012101 (3)
1392001588 = 10121000022000012101 (3)
1392027832 = 10121000100100012101 (3)
1392106564 = 10121000111100012101 (3)
1392185296 = 10121000122100012101 (3)
1392211540 = 10121000200200012101 (3)
1392290272 = 10121000211200012101 (3)
1392369004 = 10121000222200012101 (3)
1392377752 = 10121001000010012101 (3)
1392456484 = 10121001011010012101 (3)
1392535216 = 10121001022010012101 (3)
1392561460 = 10121001100110012101 (3)
1392640192 = 10121001111110012101 (3)
1392718924 = 10121001122110012101 (3)
1392745168 = 10121001200210012101 (3)
1392823900 = 10121001211210012101 (3)
1392902632 = 10121001222210012101 (3)
1392911380 = 10121002000020012101 (3)
1392990112 = 10121002011020012101 (3)
1393068844 = 10121002022020012101 (3)
1393095088 = 10121002100120012101 (3)
1393173820 = 10121002111120012101 (3)
1393252552 = 10121002122120012101 (3)
1393278796 = 10121002200220012101 (3)
1393357528 = 10121002211220012101 (3)
1393436260 = 10121002222220012101 (3)
1393439176 = 10121010000001012101 (3)
1393517908 = 10121010011001012101 (3)
1393596640 = 10121010022001012101 (3)
1393622884 = 10121010100101012101 (3)
1393701616 = 10121010111101012101 (3)
1393780348 = 10121010122101012101 (3)
1393806592 = 10121010200201012101 (3)
1393885324 = 10121010211201012101 (3)
1393964056 = 10121010222201012101 (3)
1393972804 = 10121011000011012101 (3)
1394051536 = 10121011011011012101 (3)
1394130268 = 10121011022011012101 (3)
1394156512 = 10121011100111012101 (3)
1394235244 = 10121011111111012101 (3)
1394313976 = 10121011122111012101 (3)
1394340220 = 10121011200211012101 (3)
1394418952 = 10121011211211012101 (3)
1394497684 = 10121011222211012101 (3)
1394506432 = 10121012000021012101 (3)
1394585164 = 10121012011021012101 (3)
1394663896 = 10121012022021012101 (3)
1394690140 = 10121012100121012101 (3)
1394768872 = 10121012111121012101 (3)
1394847604 = 10121012122121012101 (3)
1394873848 = 10121012200221012101 (3)
1394952580 = 10121012211221012101 (3)
1395031312 = 10121012222221012101 (3)
1395034228 = 10121020000002012101 (3)
1395112960 = 10121020011002012101 (3)
1395191692 = 10121020022002012101 (3)
1395217936 = 10121020100102012101 (3)
1395296668 = 10121020111102012101 (3)
1395375400 = 10121020122102012101 (3)
1395401644 = 10121020200202012101 (3)
1395480376 = 10121020211202012101 (3)
1395559108 = 10121020222202012101 (3)
1395567856 = 10121021000012012101 (3)
1395646588 = 10121021011012012101 (3)
1395725320 = 10121021022012012101 (3)
1395751564 = 10121021100112012101 (3)
1395830296 = 10121021111112012101 (3)
1395909028 = 10121021122112012101 (3)
1395935272 = 10121021200212012101 (3)
1396014004 = 10121021211212012101 (3)
1396092736 = 10121021222212012101 (3)
1396101484 = 10121022000022012101 (3)
1396180216 = 10121022011022012101 (3)
1396258948 = 10121022022022012101 (3)
1396285192 = 10121022100122012101 (3)
1396363924 = 10121022111122012101 (3)
1396442656 = 10121022122122012101 (3)
1396468900 = 10121022200222012101 (3)
1396547632 = 10121022211222012101 (3)
1396626364 = 10121022222222012101 (3)
1396627336 = 10121100000000112101 (3)
1396706068 = 10121100011000112101 (3)
1396784800 = 10121100022000112101 (3)
1396811044 = 10121100100100112101 (3)
1396889776 = 10121100111100112101 (3)
1396968508 = 10121100122100112101 (3)
1396994752 = 10121100200200112101 (3)
1397073484 = 10121100211200112101 (3)
1397152216 = 10121100222200112101 (3)
1397160964 = 10121101000010112101 (3)
1397239696 = 10121101011010112101 (3)
1397318428 = 10121101022010112101 (3)
1397344672 = 10121101100110112101 (3)
1397423404 = 10121101111110112101 (3)
1397502136 = 10121101122110112101 (3)
1397528380 = 10121101200210112101 (3)
1397607112 = 10121101211210112101 (3)
1397685844 = 10121101222210112101 (3)
1397694592 = 10121102000020112101 (3)
1397773324 = 10121102011020112101 (3)
1397852056 = 10121102022020112101 (3)
1397878300 = 10121102100120112101 (3)
1397957032 = 10121102111120112101 (3)
1398035764 = 10121102122120112101 (3)
1398062008 = 10121102200220112101 (3)
1398140740 = 10121102211220112101 (3)
1398219472 = 10121102222220112101 (3)
1398222388 = 10121110000001112101 (3)
1398301120 = 10121110011001112101 (3)
1398379852 = 10121110022001112101 (3)
1398406096 = 10121110100101112101 (3)
1398484828 = 10121110111101112101 (3)
1398563560 = 10121110122101112101 (3)
1398589804 = 10121110200201112101 (3)
1398668536 = 10121110211201112101 (3)
1398747268 = 10121110222201112101 (3)
1398756016 = 10121111000011112101 (3)
1398834748 = 10121111011011112101 (3)
1398913480 = 10121111022011112101 (3)
1398939724 = 10121111100111112101 (3)
1399018456 = 10121111111111112101 (3)
1399097188 = 10121111122111112101 (3)
1399123432 = 10121111200211112101 (3)
1399202164 = 10121111211211112101 (3)
1399280896 = 10121111222211112101 (3)
1399289644 = 10121112000021112101 (3)
1399368376 = 10121112011021112101 (3)
1399447108 = 10121112022021112101 (3)
1399473352 = 10121112100121112101 (3)
1399552084 = 10121112111121112101 (3)
1399630816 = 10121112122121112101 (3)
1399657060 = 10121112200221112101 (3)
1399735792 = 10121112211221112101 (3)
1399814524 = 10121112222221112101 (3)
1399817440 = 10121120000002112101 (3)
1399896172 = 10121120011002112101 (3)
1399974904 = 10121120022002112101 (3)
1400001148 = 10121120100102112101 (3)
1400079880 = 10121120111102112101 (3)
1400158612 = 10121120122102112101 (3)
1400184856 = 10121120200202112101 (3)
1400263588 = 10121120211202112101 (3)
1400342320 = 10121120222202112101 (3)
1400351068 = 10121121000012112101 (3)
1400429800 = 10121121011012112101 (3)
1400508532 = 10121121022012112101 (3)
1400534776 = 10121121100112112101 (3)
1400613508 = 10121121111112112101 (3)
1400692240 = 10121121122112112101 (3)
1400718484 = 10121121200212112101 (3)
1400797216 = 10121121211212112101 (3)
1400875948 = 10121121222212112101 (3)
1400884696 = 10121122000022112101 (3)
1400963428 = 10121122011022112101 (3)
1401042160 = 10121122022022112101 (3)
1401068404 = 10121122100122112101 (3)
1401147136 = 10121122111122112101 (3)
1401225868 = 10121122122122112101 (3)
1401252112 = 10121122200222112101 (3)
1401330844 = 10121122211222112101 (3)
1401409576 = 10121122222222112101 (3)
1401410548 = 10121200000000212101 (3)
1401489280 = 10121200011000212101 (3)
1401568012 = 10121200022000212101 (3)
1401594256 = 10121200100100212101 (3)
1401672988 = 10121200111100212101 (3)
1401751720 = 10121200122100212101 (3)
1401777964 = 10121200200200212101 (3)
1401856696 = 10121200211200212101 (3)
1401935428 = 10121200222200212101 (3)
1401944176 = 10121201000010212101 (3)
1402022908 = 10121201011010212101 (3)
1402101640 = 10121201022010212101 (3)
1402127884 = 10121201100110212101 (3)
1402206616 = 10121201111110212101 (3)
1402285348 = 10121201122110212101 (3)
1402311592 = 10121201200210212101 (3)
1402390324 = 10121201211210212101 (3)
1402469056 = 10121201222210212101 (3)
1402477804 = 10121202000020212101 (3)
1402556536 = 10121202011020212101 (3)
1402635268 = 10121202022020212101 (3)
1402661512 = 10121202100120212101 (3)
1402740244 = 10121202111120212101 (3)
1402818976 = 10121202122120212101 (3)
1402845220 = 10121202200220212101 (3)
1402923952 = 10121202211220212101 (3)
1403002684 = 10121202222220212101 (3)
1403005600 = 10121210000001212101 (3)
1403084332 = 10121210011001212101 (3)
1403163064 = 10121210022001212101 (3)
1403189308 = 10121210100101212101 (3)
1403268040 = 10121210111101212101 (3)
1403346772 = 10121210122101212101 (3)
1403373016 = 10121210200201212101 (3)
1403451748 = 10121210211201212101 (3)
1403530480 = 10121210222201212101 (3)
1403539228 = 10121211000011212101 (3)
1403617960 = 10121211011011212101 (3)
1403696692 = 10121211022011212101 (3)
1403722936 = 10121211100111212101 (3)
1403801668 = 10121211111111212101 (3)
1403880400 = 10121211122111212101 (3)
1403906644 = 10121211200211212101 (3)
1403985376 = 10121211211211212101 (3)
1404064108 = 10121211222211212101 (3)
1404072856 = 10121212000021212101 (3)
1404151588 = 10121212011021212101 (3)
1404230320 = 10121212022021212101 (3)
1404256564 = 10121212100121212101 (3)
1404335296 = 10121212111121212101 (3)
1404414028 = 10121212122121212101 (3)
1404440272 = 10121212200221212101 (3)
1404519004 = 10121212211221212101 (3)
1404597736 = 10121212222221212101 (3)
1404600652 = 10121220000002212101 (3)
1404679384 = 10121220011002212101 (3)
1404758116 = 10121220022002212101 (3)
1404784360 = 10121220100102212101 (3)
1404863092 = 10121220111102212101 (3)
1404941824 = 10121220122102212101 (3)
1404968068 = 10121220200202212101 (3)
1405046800 = 10121220211202212101 (3)
1405125532 = 10121220222202212101 (3)
1405134280 = 10121221000012212101 (3)
1405213012 = 10121221011012212101 (3)
1405291744 = 10121221022012212101 (3)
1405317988 = 10121221100112212101 (3)
1405396720 = 10121221111112212101 (3)
1405475452 = 10121221122112212101 (3)
1405501696 = 10121221200212212101 (3)
1405580428 = 10121221211212212101 (3)
1405659160 = 10121221222212212101 (3)
1405667908 = 10121222000022212101 (3)
1405746640 = 10121222011022212101 (3)
1405825372 = 10121222022022212101 (3)
1405851616 = 10121222100122212101 (3)
1405930348 = 10121222111122212101 (3)
1406009080 = 10121222122122212101 (3)
1406035324 = 10121222200222212101 (3)
1406114056 = 10121222211222212101 (3)
1406192788 = 10121222222222212101 (3)
1406193112 = 10122000000000022101 (3)
1406271844 = 10122000011000022101 (3)
1406350576 = 10122000022000022101 (3)
1406376820 = 10122000100100022101 (3)
1406455552 = 10122000111100022101 (3)
1406534284 = 10122000122100022101 (3)
1406560528 = 10122000200200022101 (3)
1406639260 = 10122000211200022101 (3)
1406717992 = 10122000222200022101 (3)
1406726740 = 10122001000010022101 (3)
1406805472 = 10122001011010022101 (3)
1406884204 = 10122001022010022101 (3)
1406910448 = 10122001100110022101 (3)
1406989180 = 10122001111110022101 (3)
1407067912 = 10122001122110022101 (3)
1407094156 = 10122001200210022101 (3)
1407172888 = 10122001211210022101 (3)
1407251620 = 10122001222210022101 (3)
1407260368 = 10122002000020022101 (3)
1407339100 = 10122002011020022101 (3)
1407417832 = 10122002022020022101 (3)
1407444076 = 10122002100120022101 (3)
1407522808 = 10122002111120022101 (3)
1407601540 = 10122002122120022101 (3)
1407627784 = 10122002200220022101 (3)
1407706516 = 10122002211220022101 (3)
1407785248 = 10122002222220022101 (3)
1407788164 = 10122010000001022101 (3)
1407866896 = 10122010011001022101 (3)
1407945628 = 10122010022001022101 (3)
1407971872 = 10122010100101022101 (3)
1408050604 = 10122010111101022101 (3)
1408129336 = 10122010122101022101 (3)
1408155580 = 10122010200201022101 (3)
1408234312 = 10122010211201022101 (3)
1408313044 = 10122010222201022101 (3)
1408321792 = 10122011000011022101 (3)
1408400524 = 10122011011011022101 (3)
1408479256 = 10122011022011022101 (3)
1408505500 = 10122011100111022101 (3)
1408584232 = 10122011111111022101 (3)
1408662964 = 10122011122111022101 (3)
1408689208 = 10122011200211022101 (3)
1408767940 = 10122011211211022101 (3)
1408846672 = 10122011222211022101 (3)
1408855420 = 10122012000021022101 (3)
1408934152 = 10122012011021022101 (3)
1409012884 = 10122012022021022101 (3)
1409039128 = 10122012100121022101 (3)
1409117860 = 10122012111121022101 (3)
1409196592 = 10122012122121022101 (3)
1409222836 = 10122012200221022101 (3)
1409301568 = 10122012211221022101 (3)
1409380300 = 10122012222221022101 (3)
1409383216 = 10122020000002022101 (3)
1409461948 = 10122020011002022101 (3)
1409540680 = 10122020022002022101 (3)
1409566924 = 10122020100102022101 (3)
1409645656 = 10122020111102022101 (3)
1409724388 = 10122020122102022101 (3)
1409750632 = 10122020200202022101 (3)
1409829364 = 10122020211202022101 (3)
1409908096 = 10122020222202022101 (3)
1409916844 = 10122021000012022101 (3)
1409995576 = 10122021011012022101 (3)
1410074308 = 10122021022012022101 (3)
1410100552 = 10122021100112022101 (3)
1410179284 = 10122021111112022101 (3)
1410258016 = 10122021122112022101 (3)
1410284260 = 10122021200212022101 (3)
1410362992 = 10122021211212022101 (3)
1410441724 = 10122021222212022101 (3)
1410450472 = 10122022000022022101 (3)
1410529204 = 10122022011022022101 (3)
1410607936 = 10122022022022022101 (3)
1410634180 = 10122022100122022101 (3)
1410712912 = 10122022111122022101 (3)
1410791644 = 10122022122122022101 (3)
1410817888 = 10122022200222022101 (3)
1410896620 = 10122022211222022101 (3)
1410975352 = 10122022222222022101 (3)
1410976324 = 10122100000000122101 (3)
1411055056 = 10122100011000122101 (3)
1411133788 = 10122100022000122101 (3)
1411160032 = 10122100100100122101 (3)
1411238764 = 10122100111100122101 (3)
1411317496 = 10122100122100122101 (3)
1411343740 = 10122100200200122101 (3)
1411422472 = 10122100211200122101 (3)
1411501204 = 10122100222200122101 (3)
1411509952 = 10122101000010122101 (3)
1411588684 = 10122101011010122101 (3)
1411667416 = 10122101022010122101 (3)
1411693660 = 10122101100110122101 (3)
1411772392 = 10122101111110122101 (3)
1411851124 = 10122101122110122101 (3)
1411877368 = 10122101200210122101 (3)
1411956100 = 10122101211210122101 (3)
1412034832 = 10122101222210122101 (3)
1412043580 = 10122102000020122101 (3)
1412122312 = 10122102011020122101 (3)
1412201044 = 10122102022020122101 (3)
1412227288 = 10122102100120122101 (3)
1412306020 = 10122102111120122101 (3)
1412384752 = 10122102122120122101 (3)
1412410996 = 10122102200220122101 (3)
1412489728 = 10122102211220122101 (3)
1412568460 = 10122102222220122101 (3)
1412571376 = 10122110000001122101 (3)
1412650108 = 10122110011001122101 (3)
1412728840 = 10122110022001122101 (3)
1412755084 = 10122110100101122101 (3)
1412833816 = 10122110111101122101 (3)
1412912548 = 10122110122101122101 (3)
1412938792 = 10122110200201122101 (3)
1413017524 = 10122110211201122101 (3)
1413096256 = 10122110222201122101 (3)
1413105004 = 10122111000011122101 (3)
1413183736 = 10122111011011122101 (3)
1413262468 = 10122111022011122101 (3)
1413288712 = 10122111100111122101 (3)
1413367444 = 10122111111111122101 (3)
1413446176 = 10122111122111122101 (3)
1413472420 = 10122111200211122101 (3)
1413551152 = 10122111211211122101 (3)
1413629884 = 10122111222211122101 (3)
1413638632 = 10122112000021122101 (3)
1413717364 = 10122112011021122101 (3)
1413796096 = 10122112022021122101 (3)
1413822340 = 10122112100121122101 (3)
1413901072 = 10122112111121122101 (3)
1413979804 = 10122112122121122101 (3)
1414006048 = 10122112200221122101 (3)
1414084780 = 10122112211221122101 (3)
1414163512 = 10122112222221122101 (3)
1414166428 = 10122120000002122101 (3)
1414245160 = 10122120011002122101 (3)
1414323892 = 10122120022002122101 (3)
1414350136 = 10122120100102122101 (3)
1414428868 = 10122120111102122101 (3)
1414507600 = 10122120122102122101 (3)
1414533844 = 10122120200202122101 (3)
1414612576 = 10122120211202122101 (3)
1414691308 = 10122120222202122101 (3)
1414700056 = 10122121000012122101 (3)
1414778788 = 10122121011012122101 (3)
1414857520 = 10122121022012122101 (3)
1414883764 = 10122121100112122101 (3)
1414962496 = 10122121111112122101 (3)
1415041228 = 10122121122112122101 (3)
1415067472 = 10122121200212122101 (3)
1415146204 = 10122121211212122101 (3)
1415224936 = 10122121222212122101 (3)
1415233684 = 10122122000022122101 (3)
1415312416 = 10122122011022122101 (3)
1415391148 = 10122122022022122101 (3)
1415417392 = 10122122100122122101 (3)
1415496124 = 10122122111122122101 (3)
1415574856 = 10122122122122122101 (3)
1415601100 = 10122122200222122101 (3)
1415679832 = 10122122211222122101 (3)
1415758564 = 10122122222222122101 (3)
1415759536 = 10122200000000222101 (3)
1415838268 = 10122200011000222101 (3)
1415917000 = 10122200022000222101 (3)
1415943244 = 10122200100100222101 (3)
1416021976 = 10122200111100222101 (3)
1416100708 = 10122200122100222101 (3)
1416126952 = 10122200200200222101 (3)
1416205684 = 10122200211200222101 (3)
1416284416 = 10122200222200222101 (3)
1416293164 = 10122201000010222101 (3)
1416371896 = 10122201011010222101 (3)
1416450628 = 10122201022010222101 (3)
1416476872 = 10122201100110222101 (3)
1416555604 = 10122201111110222101 (3)
1416634336 = 10122201122110222101 (3)
1416660580 = 10122201200210222101 (3)
1416739312 = 10122201211210222101 (3)
1416818044 = 10122201222210222101 (3)
1416826792 = 10122202000020222101 (3)
1416905524 = 10122202011020222101 (3)
1416984256 = 10122202022020222101 (3)
1417010500 = 10122202100120222101 (3)
1417089232 = 10122202111120222101 (3)
1417167964 = 10122202122120222101 (3)
1417194208 = 10122202200220222101 (3)
1417272940 = 10122202211220222101 (3)
1417351672 = 10122202222220222101 (3)
1417354588 = 10122210000001222101 (3)
1417433320 = 10122210011001222101 (3)
1417512052 = 10122210022001222101 (3)
1417538296 = 10122210100101222101 (3)
1417617028 = 10122210111101222101 (3)
1417695760 = 10122210122101222101 (3)
1417722004 = 10122210200201222101 (3)
1417800736 = 10122210211201222101 (3)
1417879468 = 10122210222201222101 (3)
1417888216 = 10122211000011222101 (3)
1417966948 = 10122211011011222101 (3)
1418045680 = 10122211022011222101 (3)
1418071924 = 10122211100111222101 (3)
1418150656 = 10122211111111222101 (3)
1418229388 = 10122211122111222101 (3)
1418255632 = 10122211200211222101 (3)
1418334364 = 10122211211211222101 (3)
1418413096 = 10122211222211222101 (3)
1418421844 = 10122212000021222101 (3)
1418500576 = 10122212011021222101 (3)
1418579308 = 10122212022021222101 (3)
1418605552 = 10122212100121222101 (3)
1418684284 = 10122212111121222101 (3)
1418763016 = 10122212122121222101 (3)
1418789260 = 10122212200221222101 (3)
1418867992 = 10122212211221222101 (3)
1418946724 = 10122212222221222101 (3)
1418949640 = 10122220000002222101 (3)
1419028372 = 10122220011002222101 (3)
1419107104 = 10122220022002222101 (3)
1419133348 = 10122220100102222101 (3)
1419212080 = 10122220111102222101 (3)
1419290812 = 10122220122102222101 (3)
1419317056 = 10122220200202222101 (3)
1419395788 = 10122220211202222101 (3)
1419474520 = 10122220222202222101 (3)
1419483268 = 10122221000012222101 (3)
1419562000 = 10122221011012222101 (3)
1419640732 = 10122221022012222101 (3)
1419666976 = 10122221100112222101 (3)
1419745708 = 10122221111112222101 (3)
1419824440 = 10122221122112222101 (3)
1419850684 = 10122221200212222101 (3)
1419929416 = 10122221211212222101 (3)
1420008148 = 10122221222212222101 (3)
1420016896 = 10122222000022222101 (3)
1420095628 = 10122222011022222101 (3)
1420174360 = 10122222022022222101 (3)
1420200604 = 10122222100122222101 (3)
1420279336 = 10122222111122222101 (3)
1420358068 = 10122222122122222101 (3)
1420384312 = 10122222200222222101 (3)
1420463044 = 10122222211222222101 (3)
1420541776 = 10122222222222222101 (3)
1420541812 = 10200000000000000201 (3)
1420620544 = 10200000011000000201 (3)
1420699276 = 10200000022000000201 (3)
1420725520 = 10200000100100000201 (3)
1420804252 = 10200000111100000201 (3)
1420882984 = 10200000122100000201 (3)
1420909228 = 10200000200200000201 (3)
1420987960 = 10200000211200000201 (3)
1421066692 = 10200000222200000201 (3)
1421075440 = 10200001000010000201 (3)
1421154172 = 10200001011010000201 (3)
1421232904 = 10200001022010000201 (3)
1421259148 = 10200001100110000201 (3)
1421337880 = 10200001111110000201 (3)
1421416612 = 10200001122110000201 (3)
1421442856 = 10200001200210000201 (3)
1421521588 = 10200001211210000201 (3)
1421600320 = 10200001222210000201 (3)
1421609068 = 10200002000020000201 (3)
1421687800 = 10200002011020000201 (3)
1421766532 = 10200002022020000201 (3)
1421792776 = 10200002100120000201 (3)
1421871508 = 10200002111120000201 (3)
1421950240 = 10200002122120000201 (3)
1421976484 = 10200002200220000201 (3)
1422055216 = 10200002211220000201 (3)
1422133948 = 10200002222220000201 (3)
1422136864 = 10200010000001000201 (3)
1422215596 = 10200010011001000201 (3)
1422294328 = 10200010022001000201 (3)
1422320572 = 10200010100101000201 (3)
1422399304 = 10200010111101000201 (3)
1422478036 = 10200010122101000201 (3)
1422504280 = 10200010200201000201 (3)
1422583012 = 10200010211201000201 (3)
1422661744 = 10200010222201000201 (3)
1422670492 = 10200011000011000201 (3)
1422749224 = 10200011011011000201 (3)
1422827956 = 10200011022011000201 (3)
1422854200 = 10200011100111000201 (3)
1422932932 = 10200011111111000201 (3)
1423011664 = 10200011122111000201 (3)
1423037908 = 10200011200211000201 (3)
1423116640 = 10200011211211000201 (3)
1423195372 = 10200011222211000201 (3)
1423204120 = 10200012000021000201 (3)
1423282852 = 10200012011021000201 (3)
1423361584 = 10200012022021000201 (3)
1423387828 = 10200012100121000201 (3)
1423466560 = 10200012111121000201 (3)
1423545292 = 10200012122121000201 (3)
1423571536 = 10200012200221000201 (3)
1423650268 = 10200012211221000201 (3)
1423729000 = 10200012222221000201 (3)
1423731916 = 10200020000002000201 (3)
1423810648 = 10200020011002000201 (3)
1423889380 = 10200020022002000201 (3)
1423915624 = 10200020100102000201 (3)
1423994356 = 10200020111102000201 (3)
1424073088 = 10200020122102000201 (3)
1424099332 = 10200020200202000201 (3)
1424178064 = 10200020211202000201 (3)
1424256796 = 10200020222202000201 (3)
1424265544 = 10200021000012000201 (3)
1424344276 = 10200021011012000201 (3)
1424423008 = 10200021022012000201 (3)
1424449252 = 10200021100112000201 (3)
1424527984 = 10200021111112000201 (3)
1424606716 = 10200021122112000201 (3)
1424632960 = 10200021200212000201 (3)
1424711692 = 10200021211212000201 (3)
1424790424 = 10200021222212000201 (3)
1424799172 = 10200022000022000201 (3)
1424877904 = 10200022011022000201 (3)
1424956636 = 10200022022022000201 (3)
1424982880 = 10200022100122000201 (3)
1425061612 = 10200022111122000201 (3)
1425140344 = 10200022122122000201 (3)
1425166588 = 10200022200222000201 (3)
1425245320 = 10200022211222000201 (3)
1425324052 = 10200022222222000201 (3)
1425325024 = 10200100000000100201 (3)
1425403756 = 10200100011000100201 (3)
1425482488 = 10200100022000100201 (3)
1425508732 = 10200100100100100201 (3)
1425587464 = 10200100111100100201 (3)
1425666196 = 10200100122100100201 (3)
1425692440 = 10200100200200100201 (3)
1425771172 = 10200100211200100201 (3)
1425849904 = 10200100222200100201 (3)
1425858652 = 10200101000010100201 (3)
1425937384 = 10200101011010100201 (3)
1426016116 = 10200101022010100201 (3)
1426042360 = 10200101100110100201 (3)
1426121092 = 10200101111110100201 (3)
1426199824 = 10200101122110100201 (3)
1426226068 = 10200101200210100201 (3)
1426304800 = 10200101211210100201 (3)
1426383532 = 10200101222210100201 (3)
1426392280 = 10200102000020100201 (3)
1426471012 = 10200102011020100201 (3)
1426549744 = 10200102022020100201 (3)
1426575988 = 10200102100120100201 (3)
1426654720 = 10200102111120100201 (3)
1426733452 = 10200102122120100201 (3)
1426759696 = 10200102200220100201 (3)
1426838428 = 10200102211220100201 (3)
1426917160 = 10200102222220100201 (3)
1426920076 = 10200110000001100201 (3)
1426998808 = 10200110011001100201 (3)
1427077540 = 10200110022001100201 (3)
1427103784 = 10200110100101100201 (3)
1427182516 = 10200110111101100201 (3)
1427261248 = 10200110122101100201 (3)
1427287492 = 10200110200201100201 (3)
1427366224 = 10200110211201100201 (3)
1427444956 = 10200110222201100201 (3)
1427453704 = 10200111000011100201 (3)
1427532436 = 10200111011011100201 (3)
1427611168 = 10200111022011100201 (3)
1427637412 = 10200111100111100201 (3)
1427716144 = 10200111111111100201 (3)
1427794876 = 10200111122111100201 (3)
1427821120 = 10200111200211100201 (3)
1427899852 = 10200111211211100201 (3)
1427978584 = 10200111222211100201 (3)
1427987332 = 10200112000021100201 (3)
1428066064 = 10200112011021100201 (3)
1428144796 = 10200112022021100201 (3)
1428171040 = 10200112100121100201 (3)
1428249772 = 10200112111121100201 (3)
1428328504 = 10200112122121100201 (3)
1428354748 = 10200112200221100201 (3)
1428433480 = 10200112211221100201 (3)
1428512212 = 10200112222221100201 (3)
1428515128 = 10200120000002100201 (3)
1428593860 = 10200120011002100201 (3)
1428672592 = 10200120022002100201 (3)
1428698836 = 10200120100102100201 (3)
1428777568 = 10200120111102100201 (3)
1428856300 = 10200120122102100201 (3)
1428882544 = 10200120200202100201 (3)
1428961276 = 10200120211202100201 (3)
1429040008 = 10200120222202100201 (3)
1429048756 = 10200121000012100201 (3)
1429127488 = 10200121011012100201 (3)
1429206220 = 10200121022012100201 (3)
1429232464 = 10200121100112100201 (3)
1429311196 = 10200121111112100201 (3)
1429389928 = 10200121122112100201 (3)
1429416172 = 10200121200212100201 (3)
1429494904 = 10200121211212100201 (3)
1429573636 = 10200121222212100201 (3)
1429582384 = 10200122000022100201 (3)
1429661116 = 10200122011022100201 (3)
1429739848 = 10200122022022100201 (3)
1429766092 = 10200122100122100201 (3)
1429844824 = 10200122111122100201 (3)
1429923556 = 10200122122122100201 (3)
1429949800 = 10200122200222100201 (3)
1430028532 = 10200122211222100201 (3)
1430107264 = 10200122222222100201 (3)
1430108236 = 10200200000000200201 (3)
1430186968 = 10200200011000200201 (3)
1430265700 = 10200200022000200201 (3)
1430291944 = 10200200100100200201 (3)
1430370676 = 10200200111100200201 (3)
1430449408 = 10200200122100200201 (3)
1430475652 = 10200200200200200201 (3)
1430554384 = 10200200211200200201 (3)
1430633116 = 10200200222200200201 (3)
1430641864 = 10200201000010200201 (3)
1430720596 = 10200201011010200201 (3)
1430799328 = 10200201022010200201 (3)
1430825572 = 10200201100110200201 (3)
1430904304 = 10200201111110200201 (3)
1430983036 = 10200201122110200201 (3)
1431009280 = 10200201200210200201 (3)
1431088012 = 10200201211210200201 (3)
1431166744 = 10200201222210200201 (3)
1431175492 = 10200202000020200201 (3)
1431254224 = 10200202011020200201 (3)
1431332956 = 10200202022020200201 (3)
1431359200 = 10200202100120200201 (3)
1431437932 = 10200202111120200201 (3)
1431516664 = 10200202122120200201 (3)
1431542908 = 10200202200220200201 (3)
1431621640 = 10200202211220200201 (3)
1431700372 = 10200202222220200201 (3)
1431703288 = 10200210000001200201 (3)
1431782020 = 10200210011001200201 (3)
1431860752 = 10200210022001200201 (3)
1431886996 = 10200210100101200201 (3)
1431965728 = 10200210111101200201 (3)
1432044460 = 10200210122101200201 (3)
1432070704 = 10200210200201200201 (3)
1432149436 = 10200210211201200201 (3)
1432228168 = 10200210222201200201 (3)
1432236916 = 10200211000011200201 (3)
1432315648 = 10200211011011200201 (3)
1432394380 = 10200211022011200201 (3)
1432420624 = 10200211100111200201 (3)
1432499356 = 10200211111111200201 (3)
1432578088 = 10200211122111200201 (3)
1432604332 = 10200211200211200201 (3)
1432683064 = 10200211211211200201 (3)
1432761796 = 10200211222211200201 (3)
1432770544 = 10200212000021200201 (3)
1432849276 = 10200212011021200201 (3)
1432928008 = 10200212022021200201 (3)
1432954252 = 10200212100121200201 (3)
1433032984 = 10200212111121200201 (3)
1433111716 = 10200212122121200201 (3)
1433137960 = 10200212200221200201 (3)
1433216692 = 10200212211221200201 (3)
1433295424 = 10200212222221200201 (3)
1433298340 = 10200220000002200201 (3)
1433377072 = 10200220011002200201 (3)
1433455804 = 10200220022002200201 (3)
1433482048 = 10200220100102200201 (3)
1433560780 = 10200220111102200201 (3)
1433639512 = 10200220122102200201 (3)
1433665756 = 10200220200202200201 (3)
1433744488 = 10200220211202200201 (3)
1433823220 = 10200220222202200201 (3)
1433831968 = 10200221000012200201 (3)
1433910700 = 10200221011012200201 (3)
1433989432 = 10200221022012200201 (3)
1434015676 = 10200221100112200201 (3)
1434094408 = 10200221111112200201 (3)
1434173140 = 10200221122112200201 (3)
1434199384 = 10200221200212200201 (3)
1434278116 = 10200221211212200201 (3)
1434356848 = 10200221222212200201 (3)
1434365596 = 10200222000022200201 (3)
1434444328 = 10200222011022200201 (3)
1434523060 = 10200222022022200201 (3)
1434549304 = 10200222100122200201 (3)
1434628036 = 10200222111122200201 (3)
1434706768 = 10200222122122200201 (3)
1434733012 = 10200222200222200201 (3)
1434811744 = 10200222211222200201 (3)
1434890476 = 10200222222222200201 (3)
1434890800 = 10201000000000010201 (3)
1434969532 = 10201000011000010201 (3)
1435048264 = 10201000022000010201 (3)
1435074508 = 10201000100100010201 (3)
1435153240 = 10201000111100010201 (3)
1435231972 = 10201000122100010201 (3)
1435258216 = 10201000200200010201 (3)
1435336948 = 10201000211200010201 (3)
1435415680 = 10201000222200010201 (3)
1435424428 = 10201001000010010201 (3)
1435503160 = 10201001011010010201 (3)
1435581892 = 10201001022010010201 (3)
1435608136 = 10201001100110010201 (3)
1435686868 = 10201001111110010201 (3)
1435765600 = 10201001122110010201 (3)
1435791844 = 10201001200210010201 (3)
1435870576 = 10201001211210010201 (3)
1435949308 = 10201001222210010201 (3)
1435958056 = 10201002000020010201 (3)
1436036788 = 10201002011020010201 (3)
1436115520 = 10201002022020010201 (3)
1436141764 = 10201002100120010201 (3)
1436220496 = 10201002111120010201 (3)
1436299228 = 10201002122120010201 (3)
1436325472 = 10201002200220010201 (3)
1436404204 = 10201002211220010201 (3)
1436482936 = 10201002222220010201 (3)
1436485852 = 10201010000001010201 (3)
1436564584 = 10201010011001010201 (3)
1436643316 = 10201010022001010201 (3)
1436669560 = 10201010100101010201 (3)
1436748292 = 10201010111101010201 (3)
1436827024 = 10201010122101010201 (3)
1436853268 = 10201010200201010201 (3)
1436932000 = 10201010211201010201 (3)
1437010732 = 10201010222201010201 (3)
1437019480 = 10201011000011010201 (3)
1437098212 = 10201011011011010201 (3)
1437176944 = 10201011022011010201 (3)
1437203188 = 10201011100111010201 (3)
1437281920 = 10201011111111010201 (3)
1437360652 = 10201011122111010201 (3)
1437386896 = 10201011200211010201 (3)
1437465628 = 10201011211211010201 (3)
1437544360 = 10201011222211010201 (3)
1437553108 = 10201012000021010201 (3)
1437631840 = 10201012011021010201 (3)
1437710572 = 10201012022021010201 (3)
1437736816 = 10201012100121010201 (3)
1437815548 = 10201012111121010201 (3)
1437894280 = 10201012122121010201 (3)
1437920524 = 10201012200221010201 (3)
1437999256 = 10201012211221010201 (3)
1438077988 = 10201012222221010201 (3)
1438080904 = 10201020000002010201 (3)
1438159636 = 10201020011002010201 (3)
1438238368 = 10201020022002010201 (3)
1438264612 = 10201020100102010201 (3)
1438343344 = 10201020111102010201 (3)
1438422076 = 10201020122102010201 (3)
1438448320 = 10201020200202010201 (3)
1438527052 = 10201020211202010201 (3)
1438605784 = 10201020222202010201 (3)
1438614532 = 10201021000012010201 (3)
1438693264 = 10201021011012010201 (3)
1438771996 = 10201021022012010201 (3)
1438798240 = 10201021100112010201 (3)
1438876972 = 10201021111112010201 (3)
1438955704 = 10201021122112010201 (3)
1438981948 = 10201021200212010201 (3)
1439060680 = 10201021211212010201 (3)
1439139412 = 10201021222212010201 (3)
1439148160 = 10201022000022010201 (3)
1439226892 = 10201022011022010201 (3)
1439305624 = 10201022022022010201 (3)
1439331868 = 10201022100122010201 (3)
1439410600 = 10201022111122010201 (3)
1439489332 = 10201022122122010201 (3)
1439515576 = 10201022200222010201 (3)
1439594308 = 10201022211222010201 (3)
1439673040 = 10201022222222010201 (3)
1439674012 = 10201100000000110201 (3)
1439752744 = 10201100011000110201 (3)
1439831476 = 10201100022000110201 (3)
1439857720 = 10201100100100110201 (3)
1439936452 = 10201100111100110201 (3)
1440015184 = 10201100122100110201 (3)
1440041428 = 10201100200200110201 (3)
1440120160 = 10201100211200110201 (3)
1440198892 = 10201100222200110201 (3)
1440207640 = 10201101000010110201 (3)
1440286372 = 10201101011010110201 (3)
1440365104 = 10201101022010110201 (3)
1440391348 = 10201101100110110201 (3)
1440470080 = 10201101111110110201 (3)
1440548812 = 10201101122110110201 (3)
1440575056 = 10201101200210110201 (3)
1440653788 = 10201101211210110201 (3)
1440732520 = 10201101222210110201 (3)
1440741268 = 10201102000020110201 (3)
1440820000 = 10201102011020110201 (3)
1440898732 = 10201102022020110201 (3)
1440924976 = 10201102100120110201 (3)
1441003708 = 10201102111120110201 (3)
1441082440 = 10201102122120110201 (3)
1441108684 = 10201102200220110201 (3)
1441187416 = 10201102211220110201 (3)
1441266148 = 10201102222220110201 (3)
1441269064 = 10201110000001110201 (3)
1441347796 = 10201110011001110201 (3)
1441426528 = 10201110022001110201 (3)
1441452772 = 10201110100101110201 (3)
1441531504 = 10201110111101110201 (3)
1441610236 = 10201110122101110201 (3)
1441636480 = 10201110200201110201 (3)
1441715212 = 10201110211201110201 (3)
1441793944 = 10201110222201110201 (3)
1441802692 = 10201111000011110201 (3)
1441881424 = 10201111011011110201 (3)
1441960156 = 10201111022011110201 (3)
1441986400 = 10201111100111110201 (3)
1442065132 = 10201111111111110201 (3)
1442143864 = 10201111122111110201 (3)
1442170108 = 10201111200211110201 (3)
1442248840 = 10201111211211110201 (3)
1442327572 = 10201111222211110201 (3)
1442336320 = 10201112000021110201 (3)
1442415052 = 10201112011021110201 (3)
1442493784 = 10201112022021110201 (3)
1442520028 = 10201112100121110201 (3)
1442598760 = 10201112111121110201 (3)
1442677492 = 10201112122121110201 (3)
1442703736 = 10201112200221110201 (3)
1442782468 = 10201112211221110201 (3)
1442861200 = 10201112222221110201 (3)
1442864116 = 10201120000002110201 (3)
1442942848 = 10201120011002110201 (3)
1443021580 = 10201120022002110201 (3)
1443047824 = 10201120100102110201 (3)
1443126556 = 10201120111102110201 (3)
1443205288 = 10201120122102110201 (3)
1443231532 = 10201120200202110201 (3)
1443310264 = 10201120211202110201 (3)
1443388996 = 10201120222202110201 (3)
1443397744 = 10201121000012110201 (3)
1443476476 = 10201121011012110201 (3)
1443555208 = 10201121022012110201 (3)
1443581452 = 10201121100112110201 (3)
1443660184 = 10201121111112110201 (3)
1443738916 = 10201121122112110201 (3)
1443765160 = 10201121200212110201 (3)
1443843892 = 10201121211212110201 (3)
1443922624 = 10201121222212110201 (3)
1443931372 = 10201122000022110201 (3)
1444010104 = 10201122011022110201 (3)
1444088836 = 10201122022022110201 (3)
1444115080 = 10201122100122110201 (3)
1444193812 = 10201122111122110201 (3)
1444272544 = 10201122122122110201 (3)
1444298788 = 10201122200222110201 (3)
1444377520 = 10201122211222110201 (3)
1444456252 = 10201122222222110201 (3)
1444457224 = 10201200000000210201 (3)
1444535956 = 10201200011000210201 (3)
1444614688 = 10201200022000210201 (3)
1444640932 = 10201200100100210201 (3)
1444719664 = 10201200111100210201 (3)
1444798396 = 10201200122100210201 (3)
1444824640 = 10201200200200210201 (3)
1444903372 = 10201200211200210201 (3)
1444982104 = 10201200222200210201 (3)
1444990852 = 10201201000010210201 (3)
1445069584 = 10201201011010210201 (3)
1445148316 = 10201201022010210201 (3)
1445174560 = 10201201100110210201 (3)
1445253292 = 10201201111110210201 (3)
1445332024 = 10201201122110210201 (3)
1445358268 = 10201201200210210201 (3)
1445437000 = 10201201211210210201 (3)
1445515732 = 10201201222210210201 (3)
1445524480 = 10201202000020210201 (3)
1445603212 = 10201202011020210201 (3)
1445681944 = 10201202022020210201 (3)
1445708188 = 10201202100120210201 (3)
1445786920 = 10201202111120210201 (3)
1445865652 = 10201202122120210201 (3)
1445891896 = 10201202200220210201 (3)
1445970628 = 10201202211220210201 (3)
1446049360 = 10201202222220210201 (3)
1446052276 = 10201210000001210201 (3)
1446131008 = 10201210011001210201 (3)
1446209740 = 10201210022001210201 (3)
1446235984 = 10201210100101210201 (3)
1446314716 = 10201210111101210201 (3)
1446393448 = 10201210122101210201 (3)
1446419692 = 10201210200201210201 (3)
1446498424 = 10201210211201210201 (3)
1446577156 = 10201210222201210201 (3)
1446585904 = 10201211000011210201 (3)
1446664636 = 10201211011011210201 (3)
1446743368 = 10201211022011210201 (3)
1446769612 = 10201211100111210201 (3)
1446848344 = 10201211111111210201 (3)
1446927076 = 10201211122111210201 (3)
1446953320 = 10201211200211210201 (3)
1447032052 = 10201211211211210201 (3)
1447110784 = 10201211222211210201 (3)
1447119532 = 10201212000021210201 (3)
1447198264 = 10201212011021210201 (3)
1447276996 = 10201212022021210201 (3)
1447303240 = 10201212100121210201 (3)
1447381972 = 10201212111121210201 (3)
1447460704 = 10201212122121210201 (3)
1447486948 = 10201212200221210201 (3)
1447565680 = 10201212211221210201 (3)
1447644412 = 10201212222221210201 (3)
1447647328 = 10201220000002210201 (3)
1447726060 = 10201220011002210201 (3)
1447804792 = 10201220022002210201 (3)
1447831036 = 10201220100102210201 (3)
1447909768 = 10201220111102210201 (3)
1447988500 = 10201220122102210201 (3)
1448014744 = 10201220200202210201 (3)
1448093476 = 10201220211202210201 (3)
1448172208 = 10201220222202210201 (3)
1448180956 = 10201221000012210201 (3)
1448259688 = 10201221011012210201 (3)
1448338420 = 10201221022012210201 (3)
1448364664 = 10201221100112210201 (3)
1448443396 = 10201221111112210201 (3)
1448522128 = 10201221122112210201 (3)
1448548372 = 10201221200212210201 (3)
1448627104 = 10201221211212210201 (3)
1448705836 = 10201221222212210201 (3)
1448714584 = 10201222000022210201 (3)
1448793316 = 10201222011022210201 (3)
1448872048 = 10201222022022210201 (3)
1448898292 = 10201222100122210201 (3)
1448977024 = 10201222111122210201 (3)
1449055756 = 10201222122122210201 (3)
1449082000 = 10201222200222210201 (3)
